Year,State,District,Jan,Feb,Mar,Apr,May,Jun,Jul,Aug,Sep,Oct,Nov,Dec,Annual
2004,Chhattisgarh,Durg,0.0,0.0,0.0,0.0,0.0,291.8,306.4,300.5,85.9,13.3,0.0,0.0,997.9
2005,Chhattisgarh,Durg,3.5,6.2,29.3,98.2,326.0,236.4,353.5,48.2,0.0,2.6,0.0,0.0,1103.9
2006,Chhattisgarh,Durg,0.0,0.0,26.8,18.2,44.8,27.4,251.7,392.6,120.5,4.4,0.0,0.0,886.4
2007,Chhattisgarh,Durg,0.0,5.8,1.8,0.0,0.0,229.6,298.4,328.8,202.1,2.0,0.0,0.0,1068.5
2008,Chhattisgarh,Durg,0.0,0.0,6.8,0.0,0.0,240.0,138.3,287.9,231.8,0.0,0.0,0.0,904.8
2009,Chhattisgarh,Durg,0.0,0.0,0.0,0.0,0.0,21.5,405.2,213.0,51.8,4.2,0.0,0.0,695.7
2010,Chhattisgarh,Durg,6.2,0.0,0.0,0.0,7.7,146.4,391.3,276.6,279.8,11.1,18.2,12.4,1149.7
2011,Chhattisgarh,Durg,0.0,6.0,0.0,54.1,27.7,251.5,319.7,350.5,251.1,21.7,0.0,0.0,1282.3
2012,Chhattisgarh,Durg,41.2,0.0,0.0,26.4,0.0,119.1,348.9,342.6,198.7,5.0,9.0,1.2,1092.1
2013,Chhattisgarh,Durg,0.5,13.1,1.9,13.7,1.6,262.3,586.9,328.1,182.8,177.1,0.0,0.0,1568.0
2014,Chhattisgarh,Durg,0.0,46.6,27.6,10.4,57.4,96.9,501.6,279.2,255.7,104.3,0.0,0.0,1379.7
2015,Chhattisgarh,Durg,14.6,0.0,39.6,58.2,7.8,201.8,186.4,250.7,249.3,0.3,0.0,0.0,1008.7
2004,Chhattisgarh,Bastar,55.5,11.5,1.7,33.9,52.2,331.7,389.7,322.4,322.5,120.3,2.8,0.0,1644.2
2005,Chhattisgarh,Bastar,21.8,21.6,3.6,25.9,89.2,165.2,261.7,252.9,344.8,229.2,3.2,0.0,1419.1
2006,Chhattisgarh,Bastar,0.0,0.0,43.7,132.0,90.0,127.3,491.0,422.0,309.3,1.6,92.9,0.0,1709.8
2007,Chhattisgarh,Bastar,0.0,15.3,0.0,13.5,68.6,337.0,195.9,377.4,157.7,93.8,0.0,0.0,1259.2
2008,Chhattisgarh,Bastar,10.0,18.2,135.5,17.7,40.3,183.9,360.2,380.5,239.5,11.8,0.7,0.0,1398.3
2009,Chhattisgarh,Bastar,0.0,0.0,0.0,0.0,41.9,87.6,446.9,315.5,113.0,26.0,0.0,0.0,1030.9
2010,Chhattisgarh,Bastar,6.1,3.1,10.1,36.0,38.2,133.1,422.7,436.8,320.1,151.5,35.4,30.1,1623.2
2011,Chhattisgarh,Bastar,0.0,29.1,0.0,50.4,86.4,120.4,241.5,292.3,328.3,12.0,0.0,0.1,1160.5
2012,Chhattisgarh,Bastar,31.1,0.0,1.2,68.5,44.3,123.5,406.8,451.0,366.8,29.6,19.8,0.0,1542.6
2013,Chhattisgarh,Bastar,0.0,14.9,0.0,90.7,32.3,433.6,294.9,236.0,147.8,180.6,3.7,0.0,1434.5
2014,Chhattisgarh,Bastar,0.0,0.0,30.9,43.9,62.4,129.3,388.8,340.2,379.4,100.7,1.0,0.0,1476.6
2015,Chhattisgarh,Bastar,2.4,2.6,26.2,73.8,49.5,411.9,149.8,406.8,381.7,22.7,0.2,10.9,1538.5
2004,Chhattisgarh,Raipur,36.7,32.4,10.9,11.7,24.0,217.3,341.5,143.0,86.6,35.1,0.0,0.0,939.2
2005,Chhattisgarh,Raipur,68.6,25.0,0.9,2.4,25.9,155.9,493.5,255.3,229.3,91.2,0.0,0.0,1348.0
2006,Chhattisgarh,Raipur,0.0,0.0,35.6,31.2,72.0,59.6,384.5,430.5,177.5,14.4,1.4,0.0,1206.7
2007,Chhattisgarh,Raipur,0.0,19.5,0.2,0.2,4.1,525.2,320.1,284.6,238.0,28.3,14.0,0.0,1434.2
2008,Chhattisgarh,Raipur,6.5,10.1,2.6,1.0,5.8,262.8,233.1,279.5,289.7,23.4,0.0,0.0,1114.5
2009,Chhattisgarh,Raipur,0.0,0.0,0.0,2.1,4.9,25.8,571.8,246.4,66.4,20.1,0.0,0.0,937.5
2010,Chhattisgarh,Raipur,3.4,1.0,0.0,1.7,5.0,53.8,462.4,225.0,273.8,47.7,23.3,12.0,1109.1
2011,Chhattisgarh,Raipur,0.0,3.7,0.3,116.6,8.6,197.7,293.4,363.8,334.6,4.1,0.1,0.0,1322.9
2012,Chhattisgarh,Raipur,54.2,0.0,0.0,20.0,0.9,152.2,397.3,387.8,185.5,21.1,13.7,0.3,1233.0
2013,Chhattisgarh,Raipur,0.2,8.5,3.5,28.6,2.7,315.6,436.8,321.1,188.6,138.0,0.0,0.0,1443.6
2014,Chhattisgarh,Raipur,0.0,53.2,18.2,16.4,15.6,121.7,454.2,254.3,251.7,47.9,0.0,0.0,1233.2
2015,Chhattisgarh,Raipur,14.5,0.2,19.6,33.6,16.8,209.8,198.7,210.3,213.6,1.9,0.0,2.4,921.4
2004,Chhattisgarh,Bilaspur,51.7,0.3,25.3,53.1,82.4,291.6,292.7,330.5,91.4,43.5,4.4,5.4,1272.3
2005,Chhattisgarh,Bilaspur,74.2,39.6,7.7,14.0,41.5,305.2,450.4,269.4,200.8,72.9,0.0,0.0,1475.7
2006,Chhattisgarh,Bilaspur,0.0,0.0,75.8,20.2,90.8,56.6,369.4,316.1,128.4,29.6,3.9,0.9,1091.7
2007,Chhattisgarh,Bilaspur,0.0,61.5,22.1,11.8,26.9,190.2,353.5,306.4,281.6,9.8,5.6,0.0,1269.4
2008,Chhattisgarh,Bilaspur,4.0,11.9,34.2,11.3,1.7,249.8,230.8,257.6,236.2,4.8,4.7,0.0,1047.0
2009,Chhattisgarh,Bilaspur,7.8,0.0,0.0,9.7,23.5,43.1,314.8,301.9,62.6,28.0,0.0,0.0,791.4
2010,Chhattisgarh,Bilaspur,3.3,3.5,0.1,6.3,19.6,51.5,300.3,250.5,273.7,36.4,7.3,21.4,973.9
2011,Chhattisgarh,Bilaspur,0.1,11.4,8.9,82.3,35.6,161.9,226.1,463.9,290.9,9.0,0.0,0.0,1290.1
2012,Chhattisgarh,Bilaspur,106.3,14.8,0.0,19.1,6.4,126.3,495.9,318.6,204.8,19.3,32.0,6.6,1350.1
2013,Chhattisgarh,Bilaspur,1.2,24.4,8.0,50.9,4.4,229.0,304.3,350.7,186.3,290.3,0.0,0.0,1449.5
2014,Chhattisgarh,Bilaspur,5.1,49.4,59.8,37.7,16.4,143.4,318.7,329.4,243.5,135.0,0.0,9.8,1348.2
2015,Chhattisgarh,Bilaspur,20.7,5.5,31.7,42.3,3.0,178.2,233.7,313.5,215.5,12.3,0.0,0.4,1056.8
2004,Chhattisgarh,Raigarh,18.8,0.0,0.0,0.0,0.0,168.5,289.2,474.8,61.9,36.6,0.0,0.0,1049.8
2005,Chhattisgarh,Raigarh,37.5,8.2,0.0,0.0,0.0,277.1,427.6,310.4,121.6,64.4,0.0,0.0,1246.8
2006,Chhattisgarh,Raigarh,0.0,0.0,0.0,0.0,91.2,117.5,308.2,430.6,110.2,26.1,5.3,0.0,1089.1
2007,Chhattisgarh,Raigarh,0.0,35.2,17.2,0.0,29.6,233.1,342.3,318.2,239.5,40.1,36.6,0.0,1291.8
2008,Chhattisgarh,Raigarh,22.4,21.3,27.8,31.5,2.3,256.7,298.1,586.5,261.5,5.8,0.0,0.0,1513.9
2009,Chhattisgarh,Raigarh,0.0,0.0,0.0,0.0,0.0,15.3,650.4,194.8,92.2,25.5,0.0,0.0,978.2
2010,Chhattisgarh,Raigarh,0.0,0.0,0.0,0.0,0.0,117.1,319.5,251.4,251.2,21.3,7.3,20.5,988.3
2011,Chhattisgarh,Raigarh,0.0,2.1,0.0,5.8,2.3,99.7,269.0,320.4,589.2,0.0,0.0,0.0,1288.5
2012,Chhattisgarh,Raigarh,47.6,0.0,0.0,0.0,0.0,200.2,267.1,447.3,239.5,17.2,18.4,0.0,1237.3
2013,Chhattisgarh,Raigarh,0.0,0.0,0.0,20.3,0.0,146.2,386.1,371.1,111.3,186.3,0.0,0.0,1221.3
2014,Chhattisgarh,Raigarh,0.0,0.0,0.0,0.0,0.0,148.2,461.0,367.5,214.2,36.9,0.0,0.0,1227.8
2015,Chhattisgarh,Raigarh,0.0,0.0,8.4,0.0,0.0,263.2,335.5,390.1,171.5,20.4,0.0,3.0,1192.1
2004,Chhattisgarh,Surguja,27.2,2.0,0.0,14.7,14.5,105.4,378.6,271.0,109.2,49.0,0.0,0.0,971.6
2005,Chhattisgarh,Surguja,59.3,61.0,7.3,5.0,3.8,240.4,218.1,263.6,219.5,42.0,0.0,0.1,1120.1
2006,Chhattisgarh,Surguja,0.0,0.0,45.0,17.4,33.7,82.1,391.9,439.3,146.7,25.7,4.5,0.0,1186.3
2007,Chhattisgarh,Surguja,0.0,33.2,17.2,8.4,21.1,155.1,354.6,248.1,285.9,29.5,0.3,0.0,1153.4
2008,Chhattisgarh,Surguja,8.3,6.9,10.3,25.4,8.9,331.8,359.6,246.0,111.7,9.8,0.9,0.0,1119.6
2009,Chhattisgarh,Surguja,5.4,0.0,0.0,0.3,3.5,74.2,234.6,150.0,77.1,19.0,0.0,0.0,564.1
2010,Chhattisgarh,Surguja,0.0,10.9,0.0,0.0,9.0,51.6,216.0,102.4,154.3,22.8,6.4,23.3,596.7
2011,Chhattisgarh,Surguja,0.2,4.1,5.9,24.9,16.1,254.5,250.8,353.3,448.2,25.6,0.0,0.0,1383.6
2012,Chhattisgarh,Surguja,38.3,13.0,0.0,17.3,1.8,125.3,342.2,304.3,194.3,21.3,58.2,6.5,1122.5
2013,Chhattisgarh,Surguja,0.7,55.5,14.4,40.5,1.3,52.2,242.7,237.2,47.7,116.8,0.0,0.0,809.0
2014,Chhattisgarh,Surguja,16.8,46.0,18.5,2.4,14.7,79.6,184.6,325.2,126.2,22.3,0.0,3.7,840.0
2015,Chhattisgarh,Surguja,6.6,3.1,26.5,74.1,1.8,82.1,392.6,263.4,97.0,42.4,0.0,0.2,989.8
2003,Madhya Pradesh,Jabalpur,0.2,38.1,1.0,0.5,0.0,117.0,376.7,475.7,597.4,46.1,0.0,11.8,1664.5
2004,Madhya Pradesh,Jabalpur,56.2,0.0,0.0,2.3,9.2,298.1,288.8,434.2,72.5,32.8,14.6,0.0,1208.7
2005,Madhya Pradesh,Jabalpur,71.7,4.5,28.2,3.2,5.8,92.0,919.3,318.3,348.9,11.8,0.0,2.5,1806.2
2006,Madhya Pradesh,Jabalpur,0.0,0.0,74.8,1.5,36.9,100.6,384.0,313.0,74.8,3.0,10.0,0.5,999.1
2007,Madhya Pradesh,Jabalpur,0.0,41.7,22.7,1.6,1.2,82.2,325.6,394.3,156.3,0.0,0.0,7.8,1033.4
2008,Madhya Pradesh,Jabalpur,0.1,3.9,0.8,0.4,6.8,407.9,339.0,302.5,115.2,24.5,0.0,0.0,1201.1
2009,Madhya Pradesh,Jabalpur,23.3,0.0,1.1,0.2,4.1,32.5,384.1,234.9,291.3,36.6,0.0,0.0,1008.1
2012,Madhya Pradesh,Jabalpur,41.6,0.0,0.8,0.0,0.3,137.0,533.7,436.6,121.9,7.9,0.6,3.3,1283.7
2013,Madhya Pradesh,Jabalpur,0.0,69.1,22.6,24.6,0.0,446.9,572.4,797.1,93.1,83.9,0.0,0.0,2109.7
2014,Madhya Pradesh,Jabalpur,27.4,64.3,20.8,1.0,4.8,108.7,326.4,222.2,158.2,25.8,0.0,9.2,968.8
2015,Madhya Pradesh,Jabalpur,59.6,15.3,98.2,23.8,1.2,115.0,350.4,276.1,80.8,23.5,0.0,0.0,1043.9
2003,Madhya Pradesh,Balaghat,0.0,68.8,5.3,0.0,0.0,172.0,728.5,456.6,481.0,18.3,0.0,1.4,1931.9
2004,Madhya Pradesh,Balaghat,45.3,0.8,0.0,0.7,8.0,210.0,263.5,340.7,108.8,9.6,3.9,0.0,991.3
2005,Madhya Pradesh,Balaghat,91.5,17.2,3.3,0.6,37.2,227.6,553.1,473.1,440.2,94.1,0.0,0.0,1937.9
2006,Madhya Pradesh,Balaghat,0.0,0.0,80.7,38.2,29.6,64.4,494.4,676.6,149.5,6.7,8.6,0.4,1549.1
2007,Madhya Pradesh,Balaghat,0.0,24.2,19.9,19.0,2.8,218.2,403.3,220.9,268.5,11.9,68.4,0.0,1257.1
2008,Madhya Pradesh,Balaghat,0.0,17.8,49.3,1.2,0.4,289.1,302.5,485.0,169.7,8.5,1.9,0.0,1325.4
2009,Madhya Pradesh,Balaghat,0.0,0.0,2.5,4.0,10.1,30.3,568.4,260.7,112.0,22.6,0.0,0.0,1010.6
2012,Madhya Pradesh,Balaghat,34.5,1.2,0.0,0.3,0.0,89.9,435.2,306.6,266.6,22.2,14.1,3.0,1173.6
2013,Madhya Pradesh,Balaghat,8.1,15.4,2.6,19.9,1.2,179.4,511.1,428.3,160.1,102.7,0.0,0.0,1428.8
2014,Madhya Pradesh,Balaghat,4.3,36.8,24.5,7.1,2.8,123.2,452.7,238.5,123.3,45.3,0.0,17.5,1076.0
2015,Madhya Pradesh,Balaghat,6.0,7.2,70.0,20.9,2.7,226.1,204.4,322.3,136.1,7.0,0.0,2.0,1004.7
2003,Madhya Pradesh,Chhindwara,0.0,70.3,0.6,0.0,0.0,102.1,542.9,168.5,240.1,24.6,1.3,0.0,1150.4
2004,Madhya Pradesh,Chhindwara,12.5,0.0,0.0,0.0,10.2,107.3,132.9,185.8,54.3,29.4,42.1,0.0,574.5
2005,Madhya Pradesh,Chhindwara,30.0,0.0,39.4,2.4,3.6,191.9,458.5,168.9,271.4,45.9,0.0,0.0,1212.0
2006,Madhya Pradesh,Chhindwara,0.0,0.0,133.6,0.0,2.0,33.4,372.2,425.5,106.1,2.8,17.9,0.0,1093.5
2007,Madhya Pradesh,Chhindwara,0.0,0.0,0.0,3.1,9.7,132.1,334.0,168.5,262.0,0.0,18.1,0.0,927.5
2008,Madhya Pradesh,Chhindwara,0.0,12.8,27.4,8.8,0.8,110.6,127.8,165.7,194.8,19.3,0.0,0.0,668.0
2009,Madhya Pradesh,Chhindwara,0.0,0.0,0.0,0.0,0.0,45.8,725.2,91.0,247.4,52.9,0.0,0.0,1162.3
2012,Madhya Pradesh,Chhindwara,68.3,0.0,0.0,0.0,0.7,122.1,292.0,327.0,248.3,20.3,0.0,0.0,1078.7
2013,Madhya Pradesh,Chhindwara,3.1,25.2,0.0,3.5,0.0,291.9,406.0,403.9,113.6,160.8,0.0,0.0,1408.0
2014,Madhya Pradesh,Chhindwara,27.4,48.2,7.9,1.6,2.8,83.8,318.9,178.0,104.7,13.2,16.8,3.7,807.0
2015,Madhya Pradesh,Chhindwara,26.5,9.6,79.1,34.5,10.7,186.7,239.3,363.9,140.3,41.4,0.7,0.6,1133.3
2003,Madhya Pradesh,Narsinghpur,0.1,48.4,0.0,0.0,0.0,67.9,361.3,273.3,357.0,15.3,0.0,5.4,1128.7
2004,Madhya Pradesh,Narsinghpur,47.1,0.0,0.0,0.0,1.0,442.8,146.4,350.6,148.3,17.2,3.0,0.0,1156.4
2005,Madhya Pradesh,Narsinghpur,45.0,12.4,23.5,2.2,0.2,101.2,1017.8,238.9,141.8,2.6,0.0,0.0,1585.6
2006,Madhya Pradesh,Narsinghpur,0.0,0.0,60.2,7.0,17.3,44.1,405.9,416.2,133.7,0.0,0.0,0.0,1084.4
2007,Madhya Pradesh,Narsinghpur,0.0,42.7,8.5,0.5,30.4,93.9,435.9,164.8,117.8,0.0,0.0,5.3,899.8
2008,Madhya Pradesh,Narsinghpur,0.0,0.0,23.9,0.5,3.6,318.6,228.2,279.0,82.6,11.0,0.0,0.0,947.4
2009,Madhya Pradesh,Narsinghpur,0.7,0.0,0.0,0.2,5.3,30.9,352.2,209.7,550.8,13.2,0.0,0.0,1163.0
2012,Madhya Pradesh,Narsinghpur,23.4,0.0,0.0,0.0,3.0,48.5,415.0,431.4,105.4,12.8,0.0,0.0,1039.5
2013,Madhya Pradesh,Narsinghpur,0.0,40.3,4.2,2.3,0.0,460.8,561.9,528.1,34.2,189.2,0.0,0.0,1821.0
2014,Madhya Pradesh,Narsinghpur,7.7,69.1,8.3,0.0,0.3,48.2,358.0,228.2,181.2,13.2,0.0,1.0,915.2
2015,Madhya Pradesh,Narsinghpur,49.0,2.1,73.0,11.4,0.0,130.2,365.8,283.7,59.7,31.2,0.0,0.0,1006.1
2003,Madhya Pradesh,Seoni / Shivani,0.0,72.9,2.2,2.4,0.0,141.2,478.3,338.0,299.8,48.4,0.0,0.0,1383.2
2004,Madhya Pradesh,Seoni / Shivani,41.4,0.0,0.0,0.0,2.6,164.7,312.9,194.5,36.2,1.5,0.0,0.0,753.8
2005,Madhya Pradesh,Seoni / Shivani,51.8,9.8,7.4,1.9,12.1,164.5,537.5,225.3,374.0,42.6,0.0,22.2,1449.1
2006,Madhya Pradesh,Seoni / Shivani,0.0,0.0,60.4,39.0,21.8,42.7,519.5,432.4,170.9,26.5,9.3,0.0,1322.5
2007,Madhya Pradesh,Seoni / Shivani,0.0,4.5,0.4,0.8,4.1,97.9,314.5,290.6,252.7,1.2,0.0,0.0,966.7
2008,Madhya Pradesh,Seoni / Shivani,0.0,1.4,7.9,28.2,5.9,254.5,326.0,184.4,104.9,24.1,5.6,0.0,942.9
2009,Madhya Pradesh,Seoni / Shivani,0.0,0.0,1.7,0.2,1.1,58.5,513.0,184.6,113.9,16.1,0.0,0.0,889.1
2012,Madhya Pradesh,Seoni / Shivani,77.2,8.8,0.0,5.0,3.9,108.9,378.6,291.8,179.1,19.8,20.8,24.6,1118.5
2013,Madhya Pradesh,Seoni / Shivani,10.1,30.0,43.7,33.4,0.0,359.4,510.0,534.1,80.1,133.0,0.9,0.0,1734.7
2014,Madhya Pradesh,Seoni / Shivani,26.4,30.2,20.5,27.1,12.7,94.1,339.0,153.6,140.6,23.5,6.6,6.0,880.3
2015,Madhya Pradesh,Seoni / Shivani,1.5,41.3,100.9,24.8,14.8,139.1,264.5,321.8,61.0,44.0,0.0,0.0,1013.7
2003,Madhya Pradesh,Mandla,1.0,42.4,18.9,2.2,0.7,170.3,423.5,482.0,316.6,26.4,3.3,2.2,1489.5
2004,Madhya Pradesh,Mandla,14.5,0.0,0.0,2.4,0.0,277.7,260.3,483.7,101.3,23.1,1.1,0.0,1164.1
2005,Madhya Pradesh,Mandla,78.3,16.0,10.5,0.0,15.8,196.9,504.5,367.4,266.0,22.1,0.0,0.0,1477.5
2006,Madhya Pradesh,Mandla,0.0,0.0,2.6,0.0,13.1,12.4,599.1,414.8,95.8,1.7,0.2,0.0,1139.7
2007,Madhya Pradesh,Mandla,0.0,1.2,9.6,1.5,2.8,97.0,370.1,288.9,394.6,8.2,0.0,0.0,1173.9
2008,Madhya Pradesh,Mandla,0.0,3.2,34.6,4.0,0.4,602.4,338.4,351.2,152.4,10.9,6.0,0.0,1503.5
2009,Madhya Pradesh,Mandla,12.2,0.0,0.1,0.0,0.0,19.0,393.3,246.7,141.4,24.2,0.0,0.0,836.9
2012,Madhya Pradesh,Mandla,80.1,6.5,0.0,0.0,0.0,93.7,654.1,371.0,153.1,17.1,10.8,1.5,1387.9
2013,Madhya Pradesh,Mandla,7.5,40.8,32.9,21.7,0.4,355.8,586.3,599.3,53.6,129.8,0.0,0.0,1828.1
2014,Madhya Pradesh,Mandla,7.6,51.8,11.9,0.0,8.4,180.4,380.6,309.5,187.2,71.5,0.0,20.2,1229.1
2015,Madhya Pradesh,Mandla,5.6,23.9,126.3,27.7,5.5,205.4,312.2,365.6,97.3,26.3,0.0,0.0,1195.8
2003,Madhya Pradesh,Sagar,0.5,90.0,0.0,1.5,3.1,90.0,451.4,662.7,399.7,0.4,0.0,9.2,1708.5
2004,Madhya Pradesh,Sagar,25.6,0.0,0.0,5.0,42.0,306.8,182.0,363.6,100.6,35.7,9.4,0.0,1070.7
2005,Madhya Pradesh,Sagar,11.6,3.2,49.3,3.6,3.3,186.6,1012.0,213.3,156.6,1.2,0.0,3.9,1644.6
2006,Madhya Pradesh,Sagar,0.0,0.0,68.1,8.1,36.1,73.9,419.4,308.5,115.0,1.4,9.6,0.0,1040.1
2007,Madhya Pradesh,Sagar,0.0,21.6,0.4,1.0,15.9,106.0,260.8,216.5,119.5,0.0,0.2,4.6,746.5
2008,Madhya Pradesh,Sagar,0.1,0.0,5.0,7.8,1.2,384.0,228.4,303.9,86.0,9.9,0.0,0.0,1026.3
2009,Madhya Pradesh,Sagar,3.6,2.9,0.3,1.4,9.5,45.6,266.2,249.8,282.4,113.8,0.0,0.0,975.5
2012,Madhya Pradesh,Sagar,26.9,0.0,0.0,0.4,3.5,66.6,271.2,432.1,110.6,1.0,0.0,0.0,912.3
2013,Madhya Pradesh,Sagar,0.0,18.7,25.8,1.6,0.0,511.5,721.2,539.7,65.6,50.0,0.4,0.0,1934.5
2014,Madhya Pradesh,Sagar,50.7,57.1,14.3,1.6,0.3,102.5,262.1,248.5,114.1,9.0,0.0,5.3,865.5
2015,Madhya Pradesh,Sagar,44.9,0.7,47.2,14.4,1.3,111.2,264.1,234.3,30.7,16.9,0.0,0.0,765.7
2003,Madhya Pradesh,Damoh,0.0,88.5,0.0,0.0,0.0,100.6,416.9,350.4,518.6,13.2,0.0,0.0,1488.2
2004,Madhya Pradesh,Damoh,39.2,0.0,0.0,20.0,4.6,264.4,352.4,293.5,62.4,12.2,0.0,0.0,1048.7
2005,Madhya Pradesh,Damoh,7.0,0.0,0.0,0.0,0.0,191.4,922.4,352.2,168.3,7.0,0.0,18.5,1666.8
2006,Madhya Pradesh,Damoh,0.0,0.0,38.4,14.2,0.0,14.0,339.0,311.0,79.0,0.0,10.4,0.0,806.0
2007,Madhya Pradesh,Damoh,0.0,22.6,4.6,0.0,22.4,109.0,229.2,356.6,139.7,0.0,0.0,4.8,888.9
2008,Madhya Pradesh,Damoh,0.0,0.0,0.0,4.0,0.5,579.0,256.3,315.5,99.6,4.5,0.0,0.0,1259.4
2009,Madhya Pradesh,Damoh,25.1,0.0,0.0,11.0,5.6,19.0,230.0,153.1,192.6,46.9,0.0,0.0,683.3
2012,Madhya Pradesh,Damoh,39.2,0.0,0.7,4.2,0.5,80.9,546.6,293.6,130.9,1.0,0.0,0.0,1097.6
2013,Madhya Pradesh,Damoh,0.0,31.8,12.8,1.6,1.0,474.5,471.5,654.2,50.3,89.4,6.7,0.0,1793.8
2014,Madhya Pradesh,Damoh,58.3,63.9,1.5,2.6,0.0,139.8,170.7,280.8,80.7,18.2,0.0,7.9,824.4
2015,Madhya Pradesh,Damoh,59.7,10.5,64.1,69.0,0.5,116.9,221.0,360.4,28.5,40.8,0.0,0.0,971.4
2003,Madhya Pradesh,Tikamgarh,0.0,12.1,0.0,0.0,0.0,75.4,277.8,153.7,556.2,0.0,0.0,2.5,1077.7
2004,Madhya Pradesh,Tikamgarh,1.3,0.0,0.0,0.0,15.7,77.5,108.0,304.8,35.5,24.5,0.0,0.0,567.3
2005,Madhya Pradesh,Tikamgarh,0.8,0.0,13.7,0.0,0.0,77.7,408.0,124.1,89.1,0.0,0.0,0.0,713.4
2006,Madhya Pradesh,Tikamgarh,0.0,0.0,15.5,0.0,25.5,2.5,362.6,143.4,34.5,9.7,0.0,0.0,593.7
2007,Madhya Pradesh,Tikamgarh,0.0,34.0,5.0,0.0,4.5,50.1,91.4,156.0,46.0,0.0,0.0,1.0,388.0
2008,Madhya Pradesh,Tikamgarh,0.0,0.0,0.0,0.0,0.0,754.7,249.7,259.1,37.5,13.0,2.5,0.0,1316.5
2009,Madhya Pradesh,Tikamgarh,26.0,0.0,0.0,2.5,4.0,23.5,221.0,218.0,88.9,152.0,0.0,0.0,735.9
2012,Madhya Pradesh,Tikamgarh,29.5,0.0,0.0,5.0,0.0,13.5,349.8,336.5,83.5,0.0,0.0,0.0,817.8
2013,Madhya Pradesh,Tikamgarh,0.0,72.5,3.8,2.5,0.0,158.5,525.0,400.5,22.0,108.5,1.0,20.5,1314.8
2014,Madhya Pradesh,Tikamgarh,57.0,56.5,13.3,0.0,1.5,87.5,271.6,226.5,107.0,0.0,0.0,47.5,868.4
2015,Madhya Pradesh,Tikamgarh,34.5,10.0,80.0,15.0,0.0,62.5,237.0,209.0,31.5,5.5,0.0,0.0,685.0
2003,Madhya Pradesh,Chhatarpur,0.0,58.6,0.0,0.4,0.7,110.2,366.2,359.4,601.2,0.0,0.0,2.4,1499.1
2004,Madhya Pradesh,Chhatarpur,12.0,0.0,0.0,5.9,4.6,215.3,130.3,348.8,190.7,33.1,0.0,0.0,940.7
2005,Madhya Pradesh,Chhatarpur,10.9,9.7,44.3,10.1,1.5,56.5,465.6,272.9,105.8,24.9,0.0,4.4,1006.6
2006,Madhya Pradesh,Chhatarpur,0.0,0.0,46.7,19.6,39.7,31.4,313.7,157.5,37.0,3.2,0.1,0.0,648.9
2007,Madhya Pradesh,Chhatarpur,0.5,61.4,11.1,0.0,38.7,72.6,139.5,182.7,66.8,0.0,0.0,1.9,575.2
2008,Madhya Pradesh,Chhatarpur,0.0,0.1,9.2,1.8,7.0,252.3,250.1,311.3,95.3,6.4,4.8,0.0,938.3
2009,Madhya Pradesh,Chhatarpur,12.0,0.6,0.6,1.2,7.4,29.0,231.6,169.6,130.0,159.8,0.0,0.0,741.8
2012,Madhya Pradesh,Chhatarpur,21.5,0.6,0.0,2.5,0.6,12.7,251.0,424.5,122.2,0.0,0.0,0.0,835.6
2013,Madhya Pradesh,Chhatarpur,0.0,63.6,1.7,0.0,1.6,318.1,338.0,584.2,33.2,157.4,0.6,4.0,1502.4
2014,Madhya Pradesh,Chhatarpur,71.0,63.7,19.3,5.6,1.2,45.3,222.1,152.4,112.2,19.8,0.0,33.6,746.2
2015,Madhya Pradesh,Chhatarpur,48.8,11.1,53.3,35.6,1.1,185.3,217.7,154.7,50.5,22.2,10.6,8.2,799.1
2003,Madhya Pradesh,Panna,0.0,81.5,0.0,2.0,0.0,178.7,311.7,483.5,875.1,3.4,0.0,0.7,1936.6
2004,Madhya Pradesh,Panna,10.4,0.0,0.0,0.0,0.0,269.8,111.1,627.5,184.5,81.3,0.0,0.0,1284.6
2005,Madhya Pradesh,Panna,14.4,5.5,32.6,13.5,0.0,96.1,674.4,459.8,190.3,7.8,0.0,0.0,1494.4
2006,Madhya Pradesh,Panna,0.0,0.0,16.7,41.7,90.0,208.2,207.2,42.7,0.0,0.0,0.0,0.0,606.5
2007,Madhya Pradesh,Panna,0.0,48.6,0.0,0.0,4.3,30.4,157.9,118.1,46.4,0.0,0.0,0.0,405.7
2008,Madhya Pradesh,Panna,0.0,2.1,0.0,1.0,0.5,97.9,269.0,158.8,55.5,0.0,0.0,0.0,584.8
2009,Madhya Pradesh,Panna,29.0,0.0,0.0,0.0,0.0,8.0,227.5,301.7,109.5,85.5,0.0,0.0,761.2
2012,Madhya Pradesh,Panna,47.9,0.0,0.0,0.0,0.0,31.1,346.4,456.7,212.6,0.0,0.0,0.0,1094.7
2013,Madhya Pradesh,Panna,0.0,6.0,0.0,0.0,0.0,388.8,341.5,670.7,13.3,201.6,0.0,0.0,1621.9
2014,Madhya Pradesh,Panna,1.1,0.0,0.0,0.0,0.0,55.5,211.4,266.6,119.0,37.7,0.0,17.7,709.0
2015,Madhya Pradesh,Panna,39.8,12.7,85.0,27.7,0.0,69.7,236.9,230.1,53.2,18.7,3.5,0.0,777.3
2003,Madhya Pradesh,Rewa,3.1,78.3,0.0,0.0,0.0,58.7,236.1,430.3,422.8,16.6,0.0,0.0,1245.9
2004,Madhya Pradesh,Rewa,32.2,0.0,0.0,0.0,0.0,317.1,207.6,231.6,175.1,35.7,0.0,0.0,999.3
2005,Madhya Pradesh,Rewa,25.2,24.4,0.0,0.0,75.5,570.0,163.8,105.9,0.0,0.0,0.0,0.0,964.8
2006,Madhya Pradesh,Rewa,0.0,0.0,0.0,0.0,0.0,39.5,363.3,199.6,69.9,0.0,25.7,0.0,698.0
2007,Madhya Pradesh,Rewa,0.0,107.7,18.0,0.0,18.3,168.2,144.8,98.0,244.0,51.2,0.0,14.0,864.2
2008,Madhya Pradesh,Rewa,4.6,9.4,0.0,1.2,29.3,175.8,353.4,194.6,73.4,1.2,0.0,0.0,842.9
2009,Madhya Pradesh,Rewa,40.6,0.0,0.0,7.0,0.0,14.6,250.0,104.2,130.0,72.4,0.0,0.0,618.8
2012,Madhya Pradesh,Rewa,27.6,0.0,8.2,0.0,0.0,8.2,622.7,410.9,142.8,2.3,0.0,1.5,1224.2
2013,Madhya Pradesh,Rewa,0.0,46.5,15.4,3.1,0.0,183.4,503.8,472.8,108.8,145.4,0.0,0.0,1479.2
2014,Madhya Pradesh,Rewa,72.4,82.4,4.5,3.0,4.2,92.9,242.5,155.7,134.1,151.3,0.0,14.9,957.9
2015,Madhya Pradesh,Rewa,64.2,0.7,42.3,11.8,1.7,100.4,287.5,202.4,15.7,76.4,0.0,0.0,803.1
2003,Madhya Pradesh,Sidhi,0.9,71.8,0.8,0.0,0.0,104.4,200.5,379.1,570.4,42.0,2.2,0.7,1372.8
2004,Madhya Pradesh,Sidhi,0.0,0.0,0.0,0.0,0.0,198.8,131.4,314.8,114.4,0.0,0.0,0.0,759.4
2005,Madhya Pradesh,Sidhi,53.2,30.4,13.6,0.0,22.6,92.4,412.8,105.0,55.8,0.0,0.0,0.0,785.8
2006,Madhya Pradesh,Sidhi,0.0,0.0,37.6,47.8,89.2,636.0,350.2,39.8,0.0,1.4,0.0,0.0,1202.0
2007,Madhya Pradesh,Sidhi,0.0,71.2,33.2,0.0,15.4,162.6,120.0,196.2,172.2,1.1,0.0,3.6,775.5
2008,Madhya Pradesh,Sidhi,9.4,8.2,0.0,19.4,20.4,134.0,267.4,254.6,66.0,0.0,6.0,0.0,785.4
2009,Madhya Pradesh,Sidhi,6.4,0.0,2.4,6.6,7.2,72.0,254.1,154.2,124.6,7.2,0.0,0.0,634.7
2012,Madhya Pradesh,Sidhi,43.8,2.0,7.2,0.0,14.6,16.4,471.0,597.6,302.6,14.0,0.4,17.8,1487.4
2013,Madhya Pradesh,Sidhi,0.0,62.6,23.1,11.4,0.0,139.2,528.6,350.2,112.6,99.6,0.0,0.0,1327.3
2014,Madhya Pradesh,Sidhi,94.0,62.6,38.2,3.6,4.4,112.6,258.4,368.2,103.9,191.2,0.0,5.6,1242.7
2015,Madhya Pradesh,Sidhi,52.8,0.0,49.8,20.4,1.4,129.4,229.0,210.2,17.0,96.0,0.0,0.0,806.0
2003,Madhya Pradesh,Satna,0.6,82.8,0.1,0.2,0.0,117.9,232.8,394.5,738.6,6.4,0.0,0.3,1574.2
2004,Madhya Pradesh,Satna,35.0,0.0,0.0,4.5,0.7,366.9,187.9,306.6,119.5,57.3,0.0,0.0,1078.4
2005,Madhya Pradesh,Satna,18.4,5.8,37.4,6.4,2.6,124.1,800.6,276.3,195.1,4.9,0.0,0.0,1471.6
2006,Madhya Pradesh,Satna,0.0,0.0,34.2,24.2,25.0,53.8,378.7,209.6,50.2,3.6,0.6,0.0,779.9
2007,Madhya Pradesh,Satna,0.0,71.0,21.6,0.6,1.0,145.1,146.9,176.4,172.9,0.0,0.0,5.9,741.4
2008,Madhya Pradesh,Satna,0.9,8.5,0.3,3.0,7.7,205.5,206.9,212.5,101.1,4.1,3.5,0.0,754.0
2009,Madhya Pradesh,Satna,12.9,0.0,1.4,3.8,14.5,25.8,207.6,192.5,152.0,220.4,0.0,0.0,830.9
2012,Madhya Pradesh,Satna,32.3,0.0,3.9,0.2,0.0,15.6,279.7,455.1,169.3,3.5,0.0,0.0,959.6
2013,Madhya Pradesh,Satna,0.0,45.9,11.5,4.2,0.0,284.2,338.6,451.6,71.5,143.7,0.0,0.0,1351.2
2014,Madhya Pradesh,Satna,22.7,35.7,10.3,1.6,0.5,37.6,248.4,125.9,201.6,109.9,0.0,14.7,808.9
2015,Madhya Pradesh,Satna,89.3,4.5,74.4,13.5,22.5,115.9,301.6,286.0,120.1,48.7,4.9,0.0,1081.4
2003,Madhya Pradesh,Shahdol,5.0,32.7,0.0,0.0,0.0,130.1,342.0,442.0,649.5,28.5,0.0,7.8,1637.6
2004,Madhya Pradesh,Shahdol,0.0,0.0,60.0,173.4,382.5,98.8,16.7,0.0,0.0,0.0,0.0,0.0,731.4
2005,Madhya Pradesh,Shahdol,94.8,17.2,8.0,0.0,0.0,119.3,605.6,405.6,217.5,17.0,0.0,0.0,1485.0
2006,Madhya Pradesh,Shahdol,0.0,0.0,53.9,7.3,9.0,61.1,483.4,376.5,57.0,0.0,17.0,0.0,1065.2
2007,Madhya Pradesh,Shahdol,0.0,67.0,4.3,0.0,12.0,104.0,300.0,342.0,220.8,0.0,0.0,0.0,1050.1
2008,Madhya Pradesh,Shahdol,4.3,6.0,8.0,15.0,0.6,199.3,321.0,252.0,139.0,0.0,0.0,0.0,945.2
2009,Madhya Pradesh,Shahdol,7.0,0.0,15.0,0.0,6.0,35.6,285.9,145.2,146.0,0.0,0.0,0.0,640.7
2012,Madhya Pradesh,Shahdol,96.0,0.0,0.0,0.0,5.5,10.0,381.5,293.0,176.9,6.0,13.6,0.4,982.9
2013,Madhya Pradesh,Shahdol,0.2,91.0,4.0,3.5,0.0,176.0,236.5,304.1,85.0,155.0,0.0,0.0,1055.3
2014,Madhya Pradesh,Shahdol,25.8,81.6,48.4,9.6,0.0,72.0,165.0,245.0,218.2,114.0,0.0,10.5,990.1
2015,Madhya Pradesh,Shahdol,12.0,2.0,61.9,48.2,40.0,66.0,295.6,154.0,60.0,48.0,0.0,0.0,787.7
2003,Madhya Pradesh,Gwalior,0.7,39.4,0.5,0.0,4.8,22.2,204.4,217.7,267.2,0.0,0.0,12.1,769.0
2004,Madhya Pradesh,Gwalior,42.4,0.0,0.0,2.6,9.1,48.7,166.1,380.3,42.2,44.2,0.0,0.0,735.6
2005,Madhya Pradesh,Gwalior,6.6,0.0,14.7,0.3,16.2,46.9,407.7,92.3,131.9,0.0,0.0,1.7,718.3
2006,Madhya Pradesh,Gwalior,0.0,0.0,22.6,0.6,9.2,176.7,187.6,68.5,57.4,22.5,0.0,0.0,545.1
2007,Madhya Pradesh,Gwalior,1.3,48.1,20.6,0.0,13.8,82.8,135.1,114.5,119.8,0.0,0.0,4.5,540.5
2008,Madhya Pradesh,Gwalior,0.0,0.0,0.1,6.0,5.5,208.1,217.7,228.1,99.5,2.5,1.3,0.0,768.8
2009,Madhya Pradesh,Gwalior,0.4,0.2,4.2,1.1,3.9,8.4,167.7,111.5,89.1,93.2,0.0,0.0,479.7
2012,Madhya Pradesh,Gwalior,28.5,0.0,0.0,3.7,5.2,34.0,317.4,349.0,112.9,0.0,0.0,0.0,850.7
2013,Madhya Pradesh,Gwalior,7.7,69.7,0.5,2.8,0.5,193.3,226.7,397.3,24.9,81.3,2.0,20.7,1027.4
2014,Madhya Pradesh,Gwalior,49.7,44.4,5.8,10.5,1.4,21.1,198.3,207.3,135.6,0.1,0.0,38.2,712.4
2015,Madhya Pradesh,Gwalior,36.5,5.8,117.9,5.3,17.7,62.3,369.8,159.8,48.3,34.6,0.0,3.3,861.3
2003,Madhya Pradesh,Shivpuri,0.0,45.0,0.0,0.0,0.0,97.0,285.6,178.1,263.2,0.0,0.0,15.6,884.5
2004,Madhya Pradesh,Shivpuri,28.6,0.0,0.0,0.0,0.0,51.5,96.1,392.0,54.2,69.8,0.0,0.0,692.2
2005,Madhya Pradesh,Shivpuri,0.9,19.0,6.0,1.1,0.0,70.9,412.7,113.9,116.8,0.0,0.0,0.0,741.3
2006,Madhya Pradesh,Shivpuri,0.0,0.0,2.0,0.0,12.7,76.4,173.8,203.7,112.1,0.0,0.0,0.0,580.7
2007,Madhya Pradesh,Shivpuri,0.0,36.2,10.3,0.0,0.0,96.3,155.3,142.6,82.5,0.0,0.0,1.8,525.0
2008,Madhya Pradesh,Shivpuri,0.0,0.0,0.1,0.5,0.2,289.6,185.8,222.5,79.1,4.5,13.2,0.0,795.5
2009,Madhya Pradesh,Shivpuri,4.8,0.0,0.0,0.8,9.5,46.0,254.4,258.7,77.4,79.5,0.0,0.0,731.1
2012,Madhya Pradesh,Shivpuri,6.5,0.0,0.0,5.3,0.0,61.8,400.7,361.1,112.8,1.5,0.0,0.0,949.7
2013,Madhya Pradesh,Shivpuri,0.0,60.5,0.0,1.0,0.5,204.9,474.2,450.7,84.3,54.8,0.3,0.5,1331.7
2014,Madhya Pradesh,Shivpuri,34.3,14.3,3.5,0.5,1.8,29.5,301.6,295.5,119.3,0.5,0.0,16.4,817.2
2015,Madhya Pradesh,Shivpuri,22.1,6.5,63.8,3.0,0.5,61.2,224.5,335.7,17.8,30.8,0.0,3.5,769.4
2003,Madhya Pradesh,Guna,1.5,30.9,0.0,1.3,0.0,117.0,243.1,273.7,254.3,0.0,0.0,1.8,923.6
2004,Madhya Pradesh,Guna,4.3,0.0,0.0,0.0,14.1,144.3,178.0,358.2,48.6,44.4,0.0,0.0,791.9
2005,Madhya Pradesh,Guna,0.8,0.3,35.7,0.3,5.9,116.5,518.5,107.1,126.0,0.0,0.0,0.0,911.1
2006,Madhya Pradesh,Guna,0.0,0.0,85.6,0.0,17.1,48.3,364.4,299.1,172.5,6.6,0.3,0.0,993.9
2007,Madhya Pradesh,Guna,0.2,28.1,0.0,2.7,7.4,113.2,255.6,187.2,170.7,0.0,0.0,0.7,765.8
2008,Madhya Pradesh,Guna,0.0,0.0,1.1,1.5,0.6,441.4,156.5,221.3,145.8,0.0,12.4,0.0,980.6
2009,Madhya Pradesh,Guna,1.1,0.0,0.1,1.9,2.2,65.1,191.9,214.6,104.2,35.5,0.0,0.0,616.6
2012,Madhya Pradesh,Guna,12.8,0.0,0.0,3.5,2.6,28.8,289.2,330.8,91.8,0.0,0.0,0.0,759.5
2013,Madhya Pradesh,Guna,1.6,66.0,21.4,10.1,0.0,299.4,679.5,497.1,36.3,55.6,3.9,7.6,1678.5
2014,Madhya Pradesh,Guna,26.2,43.2,9.0,3.2,1.4,28.2,283.8,386.0,102.9,14.1,0.0,29.4,927.4
2015,Madhya Pradesh,Guna,45.2,26.5,38.9,10.5,1.7,143.2,611.6,310.5,12.8,0.8,0.0,0.0,1201.7
2003,Madhya Pradesh,Datia,3.7,35.0,0.0,0.0,0.0,38.8,222.9,208.0,551.7,0.0,0.0,16.6,1076.7
2004,Madhya Pradesh,Datia,1.0,0.0,0.0,6.4,1.0,67.3,121.0,245.0,75.5,50.5,0.0,0.0,567.7
2005,Madhya Pradesh,Datia,0.0,0.0,30.6,2.0,6.8,35.5,255.5,63.0,89.8,0.0,0.0,0.0,483.2
2006,Madhya Pradesh,Datia,28.0,0.0,0.0,60.0,211.5,92.0,43.0,1.5,0.0,0.0,0.0,0.0,436.0
2007,Madhya Pradesh,Datia,0.0,42.3,14.3,0.0,3.0,126.0,105.9,167.2,109.7,0.0,0.0,0.0,568.4
2008,Madhya Pradesh,Datia,0.0,0.0,0.0,4.4,4.1,398.2,294.9,243.1,93.3,2.7,3.3,0.0,1044.0
2009,Madhya Pradesh,Datia,0.0,0.9,0.5,0.7,0.4,27.9,219.4,248.5,123.1,20.7,0.0,0.0,642.1
2012,Madhya Pradesh,Datia,16.7,0.0,0.0,8.2,0.0,2.1,438.4,367.6,71.5,0.0,0.0,0.0,904.5
2013,Madhya Pradesh,Datia,2.1,93.4,2.7,5.5,1.3,114.5,261.4,555.8,45.8,80.2,0.0,3.3,1166.0
2014,Madhya Pradesh,Datia,39.9,63.3,9.0,7.8,9.5,41.8,208.9,159.5,141.9,12.9,0.0,29.8,724.3
2015,Madhya Pradesh,Datia,38.5,8.7,72.1,6.5,0.0,42.0,257.6,200.0,37.3,9.9,0.0,7.0,679.6
2003,Madhya Pradesh,Morena,5.6,2.1,0.0,0.0,2.8,62.8,138.3,222.4,202.4,0.0,0.0,8.5,644.9
2004,Madhya Pradesh,Morena,29.0,0.0,0.0,0.0,0.3,15.3,104.3,268.1,108.6,22.0,0.0,0.0,547.6
2005,Madhya Pradesh,Morena,5.3,0.0,0.0,0.0,16.0,66.2,391.7,93.7,114.4,0.0,0.0,0.0,687.3
2006,Madhya Pradesh,Morena,6.0,1.0,22.0,93.8,127.4,66.9,72.1,0.0,0.0,0.0,0.0,0.0,389.2
2007,Madhya Pradesh,Morena,0.0,60.1,10.8,0.5,3.8,79.9,51.0,123.8,101.5,0.0,0.0,0.0,431.4
2008,Madhya Pradesh,Morena,0.0,0.0,0.0,0.0,0.0,163.1,221.7,269.3,116.3,6.0,1.3,0.0,777.7
2009,Madhya Pradesh,Morena,0.0,0.0,0.0,0.0,0.0,13.5,100.2,274.4,113.8,132.5,0.0,0.0,634.4
2012,Madhya Pradesh,Morena,16.0,0.0,0.0,0.3,2.0,0.5,340.6,386.3,93.2,0.0,0.0,0.0,838.9
2013,Madhya Pradesh,Morena,0.0,26.3,0.0,0.0,0.0,107.3,303.3,499.0,42.8,75.8,0.0,0.0,1054.5
2014,Madhya Pradesh,Morena,16.3,27.8,0.0,1.4,2.5,29.0,88.5,167.0,145.8,0.0,0.0,15.2,493.5
2015,Madhya Pradesh,Morena,26.4,4.5,84.9,6.6,2.6,98.7,181.3,135.2,8.3,14.8,0.0,4.6,567.9
2003,Madhya Pradesh,Bhind,0.0,33.3,0.0,8.3,0.0,97.0,158.1,136.8,320.7,0.0,0.0,17.3,771.5
2004,Madhya Pradesh,Bhind,51.4,0.0,0.0,0.0,0.4,66.4,58.0,167.8,85.2,56.5,0.0,0.0,485.7
2005,Madhya Pradesh,Bhind,4.3,0.0,11.0,0.0,4.3,36.8,222.6,74.1,97.5,0.0,0.0,2.1,452.7
2006,Madhya Pradesh,Bhind,0.0,0.0,18.5,0.0,0.0,74.7,182.0,77.6,46.9,2.2,0.0,0.0,401.9
2007,Madhya Pradesh,Bhind,0.0,55.6,32.6,1.9,7.6,67.7,122.2,126.9,64.1,0.0,0.0,0.0,478.6
2008,Madhya Pradesh,Bhind,0.0,0.0,0.0,0.3,40.5,189.1,322.2,257.5,157.9,6.0,0.0,0.0,973.5
2009,Madhya Pradesh,Bhind,0.0,0.0,0.0,0.0,0.0,1.0,112.3,167.0,92.8,135.0,0.0,0.0,508.1
2012,Madhya Pradesh,Bhind,27.9,0.0,0.0,0.0,0.0,0.0,308.6,272.7,120.9,0.0,0.0,0.0,730.1
2013,Madhya Pradesh,Bhind,0.0,45.5,0.0,0.8,0.0,276.2,220.0,444.3,9.5,106.7,0.0,0.0,1103.0
2014,Madhya Pradesh,Bhind,60.6,36.9,4.4,0.0,0.0,18.8,96.3,147.1,120.9,0.3,0.0,25.3,510.6
2015,Madhya Pradesh,Bhind,30.1,1.3,90.2,3.8,3.0,35.6,201.1,142.0,21.2,11.0,0.0,5.7,545.0
2003,Madhya Pradesh,Indore,0.0,1.5,0.1,0.0,1.3,175.4,417.5,173.3,343.4,0.0,0.0,2.7,1115.2
2004,Madhya Pradesh,Indore,3.2,0.0,0.0,0.0,12.6,89.4,295.0,211.2,88.3,53.1,13.8,0.0,766.6
2005,Madhya Pradesh,Indore,4.6,0.0,3.0,1.2,4.6,40.9,264.9,177.0,226.9,0.0,0.0,0.0,723.1
2006,Madhya Pradesh,Indore,0.0,0.0,54.7,0.0,26.9,62.2,257.2,538.2,264.4,21.4,9.2,0.0,1234.2
2007,Madhya Pradesh,Indore,0.9,2.4,0.0,2.2,10.2,108.4,373.4,300.8,162.2,0.0,0.0,0.0,960.5
2008,Madhya Pradesh,Indore,0.0,0.0,0.0,0.0,0.0,82.8,231.1,138.0,170.2,42.5,5.8,0.2,670.6
2009,Madhya Pradesh,Indore,0.3,0.0,14.9,0.0,12.0,92.0,417.4,110.0,124.5,61.1,0.0,0.0,832.2
2012,Madhya Pradesh,Indore,0.0,0.0,0.0,0.2,8.9,22.6,434.7,238.3,309.4,1.9,0.0,0.0,1016.0
2013,Madhya Pradesh,Indore,0.0,11.2,8.9,6.8,4.1,340.8,561.6,380.9,184.5,117.6,0.0,2.7,1619.1
2014,Madhya Pradesh,Indore,19.0,43.4,0.0,1.4,2.0,8.6,325.7,165.8,202.8,23.7,0.1,18.7,811.2
2015,Madhya Pradesh,Indore,58.7,0.5,56.2,17.6,0.2,250.9,598.6,281.6,62.1,3.0,0.0,0.0,1329.4
2003,Madhya Pradesh,Ratlam,5.0,1.5,2.5,0.0,0.0,159.4,385.7,195.1,223.9,0.0,0.0,0.0,973.1
2004,Madhya Pradesh,Ratlam,4.6,0.0,0.0,0.0,18.6,94.2,167.4,535.6,28.3,30.1,0.0,0.0,878.8
2005,Madhya Pradesh,Ratlam,4.3,0.0,2.4,7.9,0.2,52.5,225.2,162.5,319.4,0.4,0.0,0.0,774.8
2006,Madhya Pradesh,Ratlam,0.0,0.0,13.7,0.0,4.6,97.9,293.1,858.2,366.3,0.5,0.0,0.0,1634.3
2007,Madhya Pradesh,Ratlam,0.0,0.0,0.0,0.1,0.1,80.0,478.0,531.2,139.5,0.0,0.0,0.0,1228.9
2008,Madhya Pradesh,Ratlam,0.6,0.0,0.2,1.9,0.4,81.9,208.2,186.1,138.4,34.3,0.0,0.1,652.1
2009,Madhya Pradesh,Ratlam,0.5,0.0,0.0,0.0,9.7,50.8,309.0,181.7,79.6,96.9,0.0,0.0,728.2
2012,Madhya Pradesh,Ratlam,0.1,0.0,0.0,0.0,21.0,7.9,361.7,418.7,209.0,0.0,0.0,0.0,1018.4
2013,Madhya Pradesh,Ratlam,0.0,9.1,5.0,5.6,0.1,183.3,532.2,335.6,176.3,97.5,0.0,8.3,1353.0
2014,Madhya Pradesh,Ratlam,27.0,19.6,2.6,0.0,2.5,0.4,242.7,155.2,152.8,11.0,0.0,0.5,614.3
2015,Madhya Pradesh,Ratlam,29.5,6.4,23.1,4.0,0.0,221.1,806.8,108.0,34.3,2.7,0.0,0.3,1236.2
2003,Madhya Pradesh,Ujjain,3.4,14.9,0.0,2.2,0.9,151.7,327.2,129.9,299.2,0.0,0.0,0.0,929.4
2004,Madhya Pradesh,Ujjain,28.2,0.0,0.0,2.2,6.2,72.5,199.6,524.0,20.6,45.5,0.0,0.0,898.8
2005,Madhya Pradesh,Ujjain,0.0,0.0,6.0,12.5,0.0,54.9,279.3,188.0,128.7,0.0,0.0,0.0,669.4
2006,Madhya Pradesh,Ujjain,0.0,0.0,19.9,0.0,27.2,151.6,245.0,883.9,432.5,7.0,1.3,0.0,1768.4
2007,Madhya Pradesh,Ujjain,0.0,3.4,0.0,2.2,22.5,119.7,426.1,382.9,168.4,0.0,0.0,0.0,1125.2
2008,Madhya Pradesh,Ujjain,0.0,0.0,0.0,13.5,0.3,109.7,218.1,129.6,125.4,41.5,1.5,0.0,639.6
2009,Madhya Pradesh,Ujjain,1.2,0.0,0.0,0.2,19.6,69.8,313.6,146.1,101.8,85.1,0.0,0.0,737.4
2012,Madhya Pradesh,Ujjain,0.0,0.0,0.0,0.0,7.6,33.6,465.9,268.3,219.4,0.0,0.0,0.0,994.8
2013,Madhya Pradesh,Ujjain,0.0,18.0,26.6,1.9,0.0,221.3,471.4,372.9,98.1,56.5,0.0,6.2,1272.9
2014,Madhya Pradesh,Ujjain,24.8,23.8,1.2,0.3,2.5,26.2,280.5,154.7,113.9,5.9,6.0,9.1,648.9
2015,Madhya Pradesh,Ujjain,33.8,2.6,48.8,24.2,1.4,271.6,872.2,230.8,30.6,2.2,0.0,3.0,1521.2
2003,Madhya Pradesh,Mandsaur,0.6,14.5,0.0,0.0,0.0,146.7,168.5,154.0,236.9,0.0,0.0,0.0,721.2
2004,Madhya Pradesh,Mandsaur,0.0,0.0,0.0,0.0,3.1,88.3,296.3,675.1,4.0,23.7,0.0,0.0,1090.5
2005,Madhya Pradesh,Mandsaur,1.7,0.0,1.8,1.0,0.0,120.6,376.6,114.3,128.6,0.0,0.0,0.0,744.6
2006,Madhya Pradesh,Mandsaur,0.0,0.0,15.4,0.0,11.1,188.1,330.5,724.5,172.8,0.9,0.0,0.0,1443.3
2007,Madhya Pradesh,Mandsaur,0.0,1.0,0.0,0.0,1.3,67.2,308.6,294.6,145.0,0.0,0.0,0.0,817.7
2008,Madhya Pradesh,Mandsaur,0.0,0.0,3.7,1.9,0.4,106.7,299.3,154.8,116.2,5.9,19.3,0.0,708.2
2009,Madhya Pradesh,Mandsaur,0.0,0.0,0.0,0.0,0.0,36.7,374.3,158.8,92.8,41.1,0.0,0.0,703.7
2012,Madhya Pradesh,Mandsaur,0.0,0.0,0.0,0.2,4.0,5.3,338.7,412.2,144.0,0.0,0.0,0.0,904.4
2013,Madhya Pradesh,Mandsaur,0.0,18.2,7.3,0.0,0.0,140.3,556.9,278.8,74.8,34.3,0.0,0.0,1110.6
2014,Madhya Pradesh,Mandsaur,35.1,16.2,0.0,0.0,4.5,1.3,215.7,324.4,198.7,0.0,0.0,6.4,802.3
2015,Madhya Pradesh,Mandsaur,15.3,4.8,34.8,2.3,0.0,147.2,525.4,163.6,7.3,0.0,0.0,0.0,900.7
2003,Madhya Pradesh,Dewas,0.0,6.0,0.0,0.0,0.0,82.3,442.7,226.5,413.1,0.0,0.0,0.0,1170.6
2004,Madhya Pradesh,Dewas,0.0,0.0,0.0,0.0,0.0,34.0,312.9,452.2,46.2,9.2,0.0,0.0,854.5
2005,Madhya Pradesh,Dewas,0.0,0.0,0.0,0.0,81.7,187.4,138.3,202.2,0.0,0.0,0.0,0.0,609.6
2006,Madhya Pradesh,Dewas,0.0,0.0,0.0,0.0,43.2,287.5,594.6,341.8,9.4,0.0,0.0,0.0,1276.5
2007,Madhya Pradesh,Dewas,0.0,0.0,0.0,0.0,0.0,85.9,395.7,342.7,189.0,0.0,0.0,0.0,1013.3
2008,Madhya Pradesh,Dewas,0.0,0.0,0.0,0.0,0.0,32.4,83.7,190.9,86.3,11.3,0.0,0.0,404.6
2009,Madhya Pradesh,Dewas,0.0,0.0,0.0,0.0,0.0,60.3,365.2,156.4,79.3,98.7,0.0,0.0,759.9
2012,Madhya Pradesh,Dewas,0.0,0.0,0.0,0.2,2.0,5.8,629.1,228.2,337.2,0.0,0.0,0.0,1202.5
2013,Madhya Pradesh,Dewas,0.0,31.7,3.2,0.0,0.0,271.7,492.6,462.2,107.0,44.7,0.0,0.2,1413.3
2014,Madhya Pradesh,Dewas,40.6,46.7,0.0,0.0,0.0,14.8,300.3,103.3,167.3,8.3,0.0,3.6,684.9
2015,Madhya Pradesh,Dewas,70.6,0.0,21.8,21.8,0.0,227.5,471.2,370.2,74.8,0.0,0.0,0.0,1257.9
2003,Madhya Pradesh,Dhar,0.0,0.0,0.0,0.0,0.0,141.3,340.6,211.2,235.5,0.0,0.0,0.0,928.6
2004,Madhya Pradesh,Dhar,0.0,0.0,0.0,0.0,2.8,66.0,196.4,390.4,50.9,14.8,0.0,0.0,721.3
2005,Madhya Pradesh,Dhar,0.0,0.0,3.6,3.6,0.5,55.5,245.6,74.5,174.9,1.7,0.0,0.0,559.9
2006,Madhya Pradesh,Dhar,0.0,0.0,10.3,0.0,0.0,68.4,329.9,461.6,205.5,5.2,2.5,0.0,1083.4
2007,Madhya Pradesh,Dhar,0.4,0.0,0.0,0.0,6.5,134.3,432.2,373.2,214.4,0.0,0.0,0.0,1161.0
2008,Madhya Pradesh,Dhar,0.0,0.0,0.0,0.0,0.0,71.9,241.0,99.5,242.1,32.8,0.0,0.0,687.3
2009,Madhya Pradesh,Dhar,0.0,0.0,0.8,0.0,4.6,64.6,314.1,119.0,105.9,54.7,0.0,0.0,663.7
2012,Madhya Pradesh,Dhar,0.0,0.0,0.0,0.0,12.1,24.1,248.0,244.4,229.5,1.3,0.0,0.0,759.4
2013,Madhya Pradesh,Dhar,0.0,6.5,2.0,0.2,0.0,207.1,427.2,296.1,219.2,138.4,0.0,0.0,1296.7
2014,Madhya Pradesh,Dhar,2.9,30.0,0.0,0.0,0.0,30.4,278.7,127.1,255.1,2.7,0.2,9.1,736.2
2015,Madhya Pradesh,Dhar,11.9,5.0,23.4,8.4,0.0,178.5,507.7,167.6,101.2,16.4,1.5,0.0,1021.6
2003,Madhya Pradesh,Jhabua,0.0,3.6,0.0,0.0,0.0,266.9,379.0,216.7,202.5,0.0,0.0,0.0,1068.7
2004,Madhya Pradesh,Jhabua,6.0,0.0,0.0,0.0,0.0,107.8,235.2,646.9,48.7,52.8,0.0,0.0,1097.4
2005,Madhya Pradesh,Jhabua,12.0,0.0,2.0,6.0,1.6,62.8,317.9,77.5,179.5,0.0,0.0,0.0,659.3
2006,Madhya Pradesh,Jhabua,0.0,0.0,7.3,0.0,0.5,154.8,362.9,648.8,300.9,18.9,0.0,0.0,1494.1
2007,Madhya Pradesh,Jhabua,0.0,0.0,0.0,5.3,2.5,128.6,539.5,336.1,176.6,0.0,0.0,0.0,1188.6
2008,Madhya Pradesh,Jhabua,0.0,0.0,0.0,0.0,0.0,88.2,146.9,158.5,203.2,34.5,0.0,0.9,632.2
2009,Madhya Pradesh,Jhabua,0.0,0.0,0.0,0.0,0.0,23.0,302.5,129.6,107.9,40.2,0.0,0.0,603.2
2012,Madhya Pradesh,Jhabua,0.0,0.0,0.0,0.0,0.0,4.1,297.8,390.0,322.1,0.0,0.0,0.0,1014.0
2013,Madhya Pradesh,Jhabua,0.0,0.0,0.0,0.0,0.0,184.5,543.4,298.2,168.4,98.4,0.0,0.0,1292.9
2014,Madhya Pradesh,Jhabua,25.3,15.0,0.0,0.0,0.0,0.9,289.7,262.4,172.0,27.1,0.8,0.0,793.2
2015,Madhya Pradesh,Jhabua,1.6,0.0,27.6,21.6,0.0,147.0,497.0,45.0,25.8,10.5,0.0,0.0,776.1
2003,Madhya Pradesh,Khargone / West Nimar,0.0,2.6,0.0,0.0,0.0,178.3,231.7,225.7,281.4,0.0,0.0,0.0,919.7
2004,Madhya Pradesh,Khargone / West Nimar,0.0,0.0,0.0,0.0,35.0,64.3,199.0,349.0,35.1,77.1,0.0,0.0,759.5
2005,Madhya Pradesh,Khargone / West Nimar,0.0,0.0,0.0,0.0,0.0,107.6,197.3,84.8,141.1,0.0,0.0,0.0,530.8
2006,Madhya Pradesh,Khargone / West Nimar,0.0,0.0,33.1,0.0,3.5,134.7,316.3,358.2,191.8,2.1,0.0,0.2,1039.9
2007,Madhya Pradesh,Khargone / West Nimar,0.0,5.4,0.0,0.0,1.2,109.3,430.6,305.1,143.9,0.0,0.0,0.0,995.5
2008,Madhya Pradesh,Khargone / West Nimar,0.0,0.0,9.3,0.0,0.5,58.9,146.5,70.2,158.0,0.0,29.5,0.0,472.9
2009,Madhya Pradesh,Khargone / West Nimar,0.0,0.0,0.0,0.0,6.0,47.9,361.5,88.1,117.5,31.9,0.0,0.0,652.9
2012,Madhya Pradesh,Khargone / West Nimar,0.0,0.0,0.0,0.0,1.1,14.3,339.7,147.2,236.7,0.0,0.0,0.0,739.0
2013,Madhya Pradesh,Khargone / West Nimar,0.0,18.1,0.0,0.0,0.0,198.9,357.1,295.3,110.8,52.8,0.0,0.0,1033.0
2014,Madhya Pradesh,Khargone / West Nimar,11.4,18.2,3.5,0.0,0.0,18.6,406.0,92.8,289.8,1.7,14.0,1.4,857.4
2015,Madhya Pradesh,Khargone / West Nimar,20.7,0.7,36.0,8.7,1.2,172.1,181.6,260.1,111.4,8.2,0.0,0.0,800.7
2003,Madhya Pradesh,Khandwa / East Nimar,0.0,3.2,0.0,0.0,0.0,73.6,228.9,216.4,269.5,0.0,7.0,0.0,798.6
2004,Madhya Pradesh,Khandwa / East Nimar,0.0,0.0,0.0,0.0,72.0,30.0,305.5,274.4,58.0,12.0,0.0,0.0,751.9
2005,Madhya Pradesh,Khandwa / East Nimar,22.0,0.0,2.0,10.0,15.0,27.0,265.2,151.0,182.0,3.0,0.0,0.0,677.2
2006,Madhya Pradesh,Khandwa / East Nimar,0.0,0.0,79.0,0.0,3.0,37.0,256.0,263.0,115.0,25.9,1.0,0.0,779.9
2007,Madhya Pradesh,Khandwa / East Nimar,0.0,2.0,0.0,0.0,0.3,142.6,574.0,225.0,71.0,0.0,0.0,0.0,1014.9
2008,Madhya Pradesh,Khandwa / East Nimar,0.0,0.0,0.0,0.0,0.0,101.2,184.5,214.6,166.4,16.1,0.0,0.3,683.1
2009,Madhya Pradesh,Khandwa / East Nimar,3.0,0.0,0.0,0.3,2.7,66.9,277.9,75.8,57.4,6.6,0.0,0.0,490.6
2012,Madhya Pradesh,Khandwa / East Nimar,0.0,0.0,0.0,0.3,0.0,48.2,554.5,208.8,330.7,17.0,0.0,0.0,1159.5
2013,Madhya Pradesh,Khandwa / East Nimar,0.7,19.7,0.3,0.3,0.0,413.6,384.2,402.1,201.0,33.8,0.0,0.7,1456.4
2014,Madhya Pradesh,Khandwa / East Nimar,6.7,34.0,16.4,1.3,0.0,8.3,615.0,150.0,399.0,0.0,27.0,18.0,1275.7
2015,Madhya Pradesh,Khandwa / East Nimar,42.1,6.3,41.1,44.9,1.3,174.7,262.0,403.3,105.1,23.0,0.0,0.0,1103.8
2003,Madhya Pradesh,Sehore,2.5,44.4,0.0,6.4,0.0,130.1,428.8,250.2,340.1,0.0,0.0,0.0,1202.5
2004,Madhya Pradesh,Sehore,67.1,0.0,0.0,95.5,380.2,589.8,32.7,18.6,0.0,0.0,0.0,0.0,1183.9
2005,Madhya Pradesh,Sehore,17.4,0.0,100.7,411.3,139.6,157.7,0.0,0.0,0.0,0.0,0.0,0.0,826.7
2006,Madhya Pradesh,Sehore,0.0,0.0,74.8,0.0,63.9,40.1,367.8,736.6,348.5,1.1,0.0,0.0,1632.8
2007,Madhya Pradesh,Sehore,0.0,9.0,0.0,0.0,2.9,98.1,423.3,229.1,130.6,0.0,0.0,0.0,893.0
2008,Madhya Pradesh,Sehore,0.0,0.0,0.0,0.0,0.0,76.4,207.0,224.8,126.9,15.4,29.0,0.0,679.5
2009,Madhya Pradesh,Sehore,19.9,0.0,0.0,1.1,9.5,71.2,397.4,189.9,88.9,84.6,0.0,0.0,862.5
2012,Madhya Pradesh,Sehore,0.0,0.0,0.0,0.0,6.2,29.4,654.6,449.2,175.6,0.0,0.0,0.0,1315.0
2013,Madhya Pradesh,Sehore,0.0,26.9,9.8,12.5,0.0,360.4,498.1,473.8,71.8,27.5,0.0,0.0,1480.8
2014,Madhya Pradesh,Sehore,33.7,55.8,5.6,0.0,0.0,17.1,430.1,169.0,208.1,18.6,0.2,3.5,941.7
2015,Madhya Pradesh,Sehore,45.6,2.0,41.7,7.4,0.2,186.5,583.8,263.5,47.0,4.8,0.0,0.0,1182.5
2003,Madhya Pradesh,Raisen,0.8,65.6,0.0,0.0,0.0,145.9,382.7,292.8,359.6,11.7,0.0,0.0,1259.1
2004,Madhya Pradesh,Raisen,35.1,0.0,0.0,0.0,15.2,145.6,193.0,354.2,70.3,78.1,25.4,0.0,916.9
2005,Madhya Pradesh,Raisen,7.0,3.4,16.0,0.0,0.0,90.4,752.3,214.9,154.0,0.0,0.0,0.0,1238.0
2006,Madhya Pradesh,Raisen,0.0,0.0,7.5,0.0,13.0,53.6,339.7,450.8,272.1,3.6,2.6,0.0,1142.9
2007,Madhya Pradesh,Raisen,0.0,8.1,1.0,0.0,5.2,164.8,392.8,156.2,79.8,0.0,0.0,0.0,807.9
2008,Madhya Pradesh,Raisen,0.0,0.0,0.0,0.0,0.3,325.7,222.8,244.5,117.1,8.6,6.3,0.0,925.3
2009,Madhya Pradesh,Raisen,6.3,0.0,0.0,0.0,11.3,62.0,336.7,196.0,313.6,58.6,0.0,0.0,984.5
2012,Madhya Pradesh,Raisen,9.2,0.0,0.0,0.0,2.6,47.2,471.1,385.3,137.7,0.0,0.0,0.0,1053.1
2013,Madhya Pradesh,Raisen,0.0,1.5,17.0,0.7,0.6,443.2,556.5,449.0,56.9,74.4,1.6,0.0,1601.4
2014,Madhya Pradesh,Raisen,66.5,61.0,4.4,1.6,0.0,94.8,340.1,258.7,175.8,6.5,0.0,27.4,1036.8
2015,Madhya Pradesh,Raisen,53.3,0.0,40.2,12.5,2.8,159.1,483.6,388.4,61.5,4.6,0.0,0.0,1206.0
2003,Madhya Pradesh,Vidisha,0.8,41.1,0.0,4.0,0.0,101.6,294.2,417.3,284.6,0.0,0.0,1.2,1144.8
2004,Madhya Pradesh,Vidisha,27.3,0.0,0.0,6.0,3.2,166.2,181.0,450.5,53.6,47.8,0.0,0.0,935.6
2005,Madhya Pradesh,Vidisha,0.5,0.0,26.6,2.1,0.0,109.3,575.6,202.6,140.3,2.3,0.0,0.0,1059.3
2006,Madhya Pradesh,Vidisha,0.0,0.0,83.4,5.0,44.7,38.4,449.2,421.1,254.5,0.0,0.0,0.0,1296.3
2007,Madhya Pradesh,Vidisha,0.0,28.6,0.0,0.0,0.8,158.6,275.2,176.6,142.3,0.0,0.0,0.0,782.1
2008,Madhya Pradesh,Vidisha,0.0,0.0,4.3,17.5,0.2,417.7,311.0,256.8,134.6,16.6,10.4,0.0,1169.1
2009,Madhya Pradesh,Vidisha,35.5,0.0,0.0,0.8,2.2,72.6,244.0,230.3,188.7,0.0,0.0,0.0,774.1
2012,Madhya Pradesh,Vidisha,0.0,0.0,0.0,0.0,1.5,29.4,425.6,388.3,110.4,0.0,0.0,0.0,955.2
2013,Madhya Pradesh,Vidisha,0.0,24.9,27.4,0.0,0.0,348.6,675.8,464.5,44.6,26.3,0.0,2.6,1614.7
2014,Madhya Pradesh,Vidisha,39.2,67.0,10.1,1.2,0.0,89.8,268.6,295.0,211.4,1.7,0.0,36.6,1020.6
2015,Madhya Pradesh,Vidisha,51.6,0.0,50.2,8.2,0.0,134.7,403.2,276.6,77.7,11.6,1.6,0.0,1015.4
2003,Madhya Pradesh,Betul,0.0,16.3,0.6,4.7,0.0,173.5,459.2,178.3,173.4,0.2,0.7,0.0,1006.9
2004,Madhya Pradesh,Betul,15.1,0.0,0.0,0.0,8.4,99.8,192.2,386.3,47.2,44.4,4.5,0.0,797.9
2005,Madhya Pradesh,Betul,36.9,3.6,16.4,25.1,0.5,106.3,301.8,172.4,263.7,8.4,0.0,0.0,935.1
2006,Madhya Pradesh,Betul,0.0,0.0,119.4,16.8,8.3,40.1,326.3,412.0,173.8,8.5,33.6,0.0,1138.8
2007,Madhya Pradesh,Betul,0.0,1.3,8.3,2.1,5.5,131.8,551.6,354.0,228.1,0.0,18.3,0.0,1301.0
2008,Madhya Pradesh,Betul,5.6,0.0,0.0,2.8,0.2,142.9,160.8,223.4,170.1,44.8,0.0,0.0,750.6
2009,Madhya Pradesh,Betul,0.2,0.0,0.4,0.4,0.3,78.1,512.0,134.9,125.3,71.2,0.0,0.0,922.8
2012,Madhya Pradesh,Betul,30.8,0.0,0.0,0.0,1.8,175.2,437.8,487.7,407.2,24.9,0.0,0.0,1565.4
2013,Madhya Pradesh,Betul,11.0,21.2,3.9,0.6,0.0,276.9,537.8,644.1,95.9,92.6,0.0,0.0,1684.0
2014,Madhya Pradesh,Betul,5.6,46.3,14.6,0.6,1.0,35.1,640.0,158.9,128.4,22.6,4.5,3.9,1061.5
2015,Madhya Pradesh,Betul,125.9,24.1,118.8,29.0,2.2,224.5,216.0,379.3,109.4,10.8,0.0,0.0,1240.0
2003,Madhya Pradesh,Rajgarh,2.3,17.8,0.0,0.0,0.0,89.8,208.0,238.2,213.9,0.0,0.0,0.0,770.0
2004,Madhya Pradesh,Rajgarh,8.9,0.0,0.0,0.0,1.1,138.6,270.3,516.3,19.9,55.3,4.5,0.0,1014.9
2005,Madhya Pradesh,Rajgarh,0.0,0.0,15.2,5.0,0.0,103.4,370.0,85.1,138.6,0.0,0.0,0.0,717.3
2006,Madhya Pradesh,Rajgarh,0.0,0.0,0.0,38.5,52.9,277.6,496.0,337.6,4.6,0.0,0.0,0.0,1207.2
2007,Madhya Pradesh,Rajgarh,0.3,12.7,0.8,0.0,14.4,108.8,433.0,142.9,129.4,0.0,0.0,0.0,842.3
2008,Madhya Pradesh,Rajgarh,0.0,0.0,7.4,0.8,0.7,230.2,187.0,189.0,116.6,5.0,7.0,0.0,743.7
2009,Madhya Pradesh,Rajgarh,5.7,0.0,0.0,0.0,8.0,33.6,392.2,103.7,71.6,101.0,0.0,0.0,715.8
2012,Madhya Pradesh,Rajgarh,0.0,0.0,0.0,0.8,10.0,54.9,392.8,418.8,111.6,0.0,0.0,0.0,988.9
2013,Madhya Pradesh,Rajgarh,0.0,40.0,28.0,0.2,0.0,288.6,598.4,503.4,57.4,47.2,0.0,12.8,1576.0
2014,Madhya Pradesh,Rajgarh,3.2,32.4,1.0,3.1,1.2,38.1,382.6,373.2,162.5,0.0,0.0,20.2,1017.5
2015,Madhya Pradesh,Rajgarh,57.9,5.6,41.8,8.1,1.2,191.7,899.3,334.3,23.8,1.6,0.0,0.0,1565.3
2003,Madhya Pradesh,Shajapur,5.1,19.0,0.0,0.0,0.0,108.3,280.7,174.8,245.1,0.0,0.0,0.0,833.0
2004,Madhya Pradesh,Shajapur,19.8,0.0,0.0,0.0,0.0,43.7,218.6,477.0,56.5,12.4,0.0,0.0,828.0
2005,Madhya Pradesh,Shajapur,0.0,0.0,0.0,9.2,12.9,72.5,273.8,150.1,124.0,0.0,0.0,0.0,642.5
2006,Madhya Pradesh,Shajapur,0.0,0.0,37.5,4.0,44.0,103.6,324.1,783.4,308.7,23.0,0.0,0.0,1628.3
2007,Madhya Pradesh,Shajapur,0.0,0.7,0.0,5.5,25.7,85.7,555.7,240.9,145.8,0.0,0.9,0.0,1060.9
2008,Madhya Pradesh,Shajapur,0.0,0.0,4.5,2.0,0.1,156.2,198.3,155.3,160.7,4.3,11.3,0.0,692.7
2009,Madhya Pradesh,Shajapur,10.1,0.0,0.0,5.1,9.1,25.6,348.6,157.8,50.5,94.1,0.0,0.0,700.9
2012,Madhya Pradesh,Shajapur,0.0,0.0,0.0,0.0,5.0,6.3,438.0,297.3,152.3,0.0,0.0,0.0,898.9
2013,Madhya Pradesh,Shajapur,0.0,34.8,11.5,2.8,4.3,283.2,453.8,478.7,58.7,38.0,0.0,5.5,1371.3
2014,Madhya Pradesh,Shajapur,26.9,18.1,0.0,1.7,3.6,16.5,264.3,205.2,194.8,2.5,0.0,20.0,753.6
2015,Madhya Pradesh,Shajapur,61.3,2.0,34.1,6.5,0.4,278.0,789.6,378.3,27.3,1.0,0.0,0.0,1578.5
2003,Madhya Pradesh,Hoshangabad,1.6,11.6,2.1,1.4,1.5,111.5,455.1,266.1,314.0,0.0,0.0,0.0,1164.9
2004,Madhya Pradesh,Hoshangabad,40.0,0.0,0.0,0.6,32.4,58.3,396.4,679.3,52.4,16.5,0.8,0.0,1276.7
2005,Madhya Pradesh,Hoshangabad,17.8,5.0,9.2,1.1,0.2,204.0,630.8,234.3,280.2,3.8,0.0,0.0,1386.4
2006,Madhya Pradesh,Hoshangabad,0.0,0.0,84.2,0.0,27.9,45.8,536.0,878.0,307.1,7.0,8.5,7.3,1901.8
2007,Madhya Pradesh,Hoshangabad,0.0,9.0,6.1,1.8,20.4,159.4,510.8,245.5,139.8,0.0,0.0,0.0,1092.8
2008,Madhya Pradesh,Hoshangabad,1.2,0.0,1.3,1.3,2.9,139.2,184.6,293.1,120.5,60.5,19.2,0.0,823.8
2009,Madhya Pradesh,Hoshangabad,16.2,0.0,0.0,2.2,29.4,68.7,608.3,291.5,377.5,73.3,0.0,0.0,1467.1
2012,Madhya Pradesh,Hoshangabad,15.9,8.3,0.0,0.6,13.1,110.9,647.2,677.5,242.3,16.5,0.0,0.0,1732.3
2013,Madhya Pradesh,Hoshangabad,6.8,60.4,26.9,4.2,0.0,377.1,729.9,756.1,82.9,58.5,0.0,0.0,2102.8
2014,Madhya Pradesh,Hoshangabad,10.3,63.3,5.9,0.8,2.9,69.8,486.7,199.2,251.0,25.5,5.5,22.9,1143.8
2015,Madhya Pradesh,Hoshangabad,39.3,17.4,80.7,21.3,7.7,155.4,453.1,481.4,60.5,25.5,0.0,0.0,1342.3
2003,Andhra Pradesh,Srikakulam,1.0,30.0,38.0,18.0,17.0,37.0,220.0,222.0,117.0,545.0,3.0,58.0,1306.0
2004,Andhra Pradesh,Srikakulam,16.0,3.0,5.0,71.0,36.0,161.0,200.0,132.0,107.0,228.0,11.0,0.0,970.0
2005,Andhra Pradesh,Srikakulam,7.0,0.0,21.0,17.0,52.0,73.0,135.0,124.0,417.0,268.0,61.0,1.0,1176.0
2006,Andhra Pradesh,Srikakulam,0.0,0.0,36.0,29.0,80.0,190.0,274.0,406.0,185.0,60.0,17.0,0.0,1277.0
2007,Andhra Pradesh,Srikakulam,0.0,2.0,4.0,8.0,87.0,369.0,97.0,162.0,333.0,140.0,1.0,0.0,1203.0
2008,Andhra Pradesh,Srikakulam,33.0,57.0,43.0,28.0,72.0,83.0,222.0,222.0,236.0,21.0,9.0,0.0,1026.0
2009,Andhra Pradesh,Srikakulam,0.0,0.0,8.0,3.0,21.0,101.0,214.0,148.0,135.0,95.0,78.0,0.0,803.0
2010,Andhra Pradesh,Srikakulam,26.0,10.0,5.0,8.0,158.0,141.8,239.2,262.2,205.8,281.4,156.1,128.2,1621.7
2011,Andhra Pradesh,Srikakulam,0.0,17.9,0.0,57.1,87.5,132.2,156.5,253.2,187.5,30.4,0.0,12.3,934.6
2012,Andhra Pradesh,Srikakulam,7.3,6.2,0.0,38.0,47.1,111.7,277.1,162.9,258.0,110.4,270.5,0.0,1289.2
2013,Andhra Pradesh,Srikakulam,0.0,1.2,1.8,71.3,21.6,168.4,178.6,86.3,194.7,659.7,37.3,1.0,1421.9
2014,Andhra Pradesh,Srikakulam,0.0,0.0,31.7,9.1,194.8,65.9,246.6,263.4,229.9,219.2,6.9,6.8,1274.3
2015,Andhra Pradesh,Srikakulam,6.5,4.1,1.4,38.4,21.3,208.5,136.1,194.6,211.6,56.9,57.3,15.7,952.4
2003,Andhra Pradesh,Visakhapatnam,6.0,14.0,38.0,20.0,14.0,78.0,286.0,200.0,131.0,327.0,5.0,115.0,1234.0
2004,Andhra Pradesh,Visakhapatnam,13.0,11.0,5.0,61.0,40.0,231.0,213.0,103.0,123.0,128.0,18.0,0.0,946.0
2005,Andhra Pradesh,Visakhapatnam,13.0,5.0,16.0,44.0,46.0,143.0,82.0,116.0,456.0,355.0,48.0,1.0,1325.0
2006,Andhra Pradesh,Visakhapatnam,0.0,0.0,31.0,56.0,87.0,150.0,141.0,357.0,217.0,116.0,52.0,0.0,1207.0
2007,Andhra Pradesh,Visakhapatnam,0.0,6.0,1.0,13.0,74.0,370.0,94.0,138.0,300.0,236.0,6.0,0.0,1238.0
2008,Andhra Pradesh,Visakhapatnam,3.0,99.0,93.0,24.0,56.0,119.0,141.0,216.0,197.0,64.0,18.0,0.0,1030.0
2009,Andhra Pradesh,Visakhapatnam,0.0,0.0,10.0,16.0,58.0,98.0,182.0,114.0,183.0,128.0,84.0,0.0,873.0
2010,Andhra Pradesh,Visakhapatnam,16.0,1.0,9.0,31.0,173.0,172.4,333.9,191.6,226.4,202.7,275.1,161.7,1793.8
2011,Andhra Pradesh,Visakhapatnam,0.0,10.7,2.7,85.2,100.4,72.9,227.0,183.1,190.0,53.9,1.8,5.1,932.8
2012,Andhra Pradesh,Visakhapatnam,16.1,0.0,4.1,52.9,30.9,64.1,152.4,178.0,280.5,133.9,305.0,0.0,1217.9
2013,Andhra Pradesh,Visakhapatnam,4.2,5.0,0.6,51.4,20.2,93.9,101.6,141.5,138.7,445.5,72.6,7.3,1082.5
2014,Andhra Pradesh,Visakhapatnam,2.0,0.0,15.8,26.8,109.1,65.6,136.1,239.7,146.8,330.8,9.2,10.7,1092.6
2015,Andhra Pradesh,Visakhapatnam,1.4,1.5,18.0,69.1,38.1,313.1,129.9,205.0,261.1,47.8,122.5,2.9,1210.4
2003,Andhra Pradesh,East Godavari,4.0,9.0,50.0,3.0,1.0,140.0,278.0,121.0,120.0,243.0,1.0,84.0,1054.0
2004,Andhra Pradesh,East Godavari,6.0,1.0,0.0,17.0,67.0,131.0,162.0,223.0,119.0,144.0,5.0,0.0,875.0
2005,Andhra Pradesh,East Godavari,3.0,2.0,3.0,45.0,36.0,114.0,172.0,118.0,499.0,337.0,32.0,1.0,1362.0
2006,Andhra Pradesh,East Godavari,0.0,0.0,6.0,52.0,58.0,124.0,100.0,308.0,242.0,276.0,42.0,0.0,1208.0
2007,Andhra Pradesh,East Godavari,0.0,15.0,1.0,26.0,34.0,235.0,196.0,208.0,321.0,210.0,13.0,1.0,1260.0
2008,Andhra Pradesh,East Godavari,0.0,57.0,111.0,12.0,42.0,182.0,210.0,295.0,119.0,83.0,87.0,2.0,1200.0
2009,Andhra Pradesh,East Godavari,0.0,0.0,2.0,2.0,52.0,36.0,176.0,130.0,151.0,85.0,84.0,1.0,719.0
2010,Andhra Pradesh,East Godavari,9.0,0.0,2.0,18.0,179.0,167.2,354.2,285.0,209.8,255.5,321.0,152.9,1953.6
2011,Andhra Pradesh,East Godavari,0.0,10.5,0.8,50.3,50.2,74.8,194.0,244.0,118.0,99.3,1.3,1.8,845.0
2012,Andhra Pradesh,East Godavari,3.8,0.0,1.1,16.6,34.6,87.2,256.2,292.9,297.8,139.0,316.1,0.0,1445.3
2013,Andhra Pradesh,East Godavari,5.0,16.1,0.0,52.6,25.7,93.1,163.4,72.3,143.9,495.8,49.5,2.8,1120.2
2014,Andhra Pradesh,East Godavari,0.3,0.0,0.0,0.0,119.9,18.1,154.4,100.5,124.3,89.5,24.0,4.7,635.7
2015,Andhra Pradesh,East Godavari,0.1,0.0,0.4,37.1,23.8,323.0,138.6,195.7,168.4,85.6,124.9,1.5,1099.1
2003,Andhra Pradesh,West Godavari,1.0,1.0,34.0,0.0,0.0,116.0,251.0,133.0,139.0,153.0,9.0,122.0,959.0
2004,Andhra Pradesh,West Godavari,1.0,3.0,0.0,3.0,52.0,126.0,167.0,195.0,116.0,142.0,6.0,0.0,811.0
2005,Andhra Pradesh,West Godavari,1.0,0.0,4.0,15.0,46.0,122.0,259.0,141.0,390.0,249.0,38.0,1.0,1266.0
2006,Andhra Pradesh,West Godavari,0.0,0.0,19.0,47.0,86.0,110.0,93.0,230.0,241.0,208.0,34.0,0.0,1068.0
2007,Andhra Pradesh,West Godavari,0.0,22.0,1.0,15.0,15.0,203.0,164.0,244.0,216.0,184.0,17.0,1.0,1082.0
2008,Andhra Pradesh,West Godavari,0.0,44.0,102.0,8.0,9.0,129.0,306.0,388.0,126.0,46.0,106.0,0.0,1264.0
2009,Andhra Pradesh,West Godavari,0.0,0.0,0.0,0.0,40.0,23.0,142.0,131.0,176.0,52.0,108.0,1.0,673.0
2010,Andhra Pradesh,West Godavari,19.0,0.0,0.0,29.0,161.0,165.6,340.9,277.7,247.1,191.7,191.3,110.1,1733.4
2011,Andhra Pradesh,West Godavari,0.0,11.9,0.0,44.9,42.2,82.9,270.0,328.8,69.3,45.3,0.8,3.2,899.3
2012,Andhra Pradesh,West Godavari,8.9,0.0,3.1,1.3,36.1,108.0,292.9,369.7,271.3,217.5,303.1,0.0,1611.9
2013,Andhra Pradesh,West Godavari,0.7,23.9,0.0,29.7,9.6,107.6,217.4,102.2,123.6,345.6,36.4,9.4,1006.1
2014,Andhra Pradesh,West Godavari,2.2,0.7,1.1,4.5,127.8,17.3,257.0,160.9,202.5,72.7,10.7,3.7,861.1
2015,Andhra Pradesh,West Godavari,0.6,0.1,1.3,6.7,33.3,278.9,125.6,243.5,179.7,90.5,93.5,0.2,1053.9
2003,Andhra Pradesh,Krishna,1.0,1.0,22.0,0.0,1.0,119.0,215.0,147.0,151.0,142.0,7.0,159.0,965.0
2004,Andhra Pradesh,Krishna,8.0,18.0,0.0,3.0,68.0,111.0,191.0,140.0,149.0,122.0,8.0,0.0,818.0
2005,Andhra Pradesh,Krishna,1.0,4.0,6.0,5.0,59.0,64.0,251.0,96.0,364.0,266.0,29.0,2.0,1147.0
2006,Andhra Pradesh,Krishna,0.0,0.0,43.0,64.0,60.0,112.0,80.0,148.0,213.0,377.0,88.0,0.0,1185.0
2007,Andhra Pradesh,Krishna,0.0,9.0,0.0,18.0,11.0,236.0,151.0,190.0,203.0,148.0,17.0,1.0,984.0
2008,Andhra Pradesh,Krishna,0.0,58.0,133.0,2.0,2.0,135.0,243.0,413.0,116.0,50.0,136.0,1.0,1289.0
2009,Andhra Pradesh,Krishna,0.0,0.0,0.0,0.0,96.0,34.0,87.0,165.0,145.0,64.0,130.0,3.0,724.0
2010,Andhra Pradesh,Krishna,12.0,0.0,0.0,16.0,182.0,129.1,355.0,278.9,327.1,218.4,146.5,105.8,1770.8
2011,Andhra Pradesh,Krishna,0.0,34.6,0.0,51.6,42.7,121.8,290.9,234.0,40.3,44.9,12.2,3.5,876.5
2012,Andhra Pradesh,Krishna,69.6,0.0,2.1,10.7,66.5,142.9,264.5,301.3,216.4,185.4,250.2,0.0,1509.6
2013,Andhra Pradesh,Krishna,0.6,76.7,0.0,53.6,27.5,148.0,249.0,152.7,143.6,376.8,84.2,4.6,1317.3
2014,Andhra Pradesh,Krishna,0.0,3.0,0.0,0.0,89.1,24.3,143.3,99.2,109.3,115.2,32.6,6.9,622.9
2015,Andhra Pradesh,Krishna,6.3,0.0,2.2,24.4,23.4,282.0,109.0,183.2,141.7,66.8,103.6,2.2,944.8
2003,Andhra Pradesh,Guntur,1.0,0.0,19.0,2.0,2.0,126.0,209.0,138.0,159.0,156.0,11.0,91.0,914.0
2004,Andhra Pradesh,Guntur,4.0,0.0,11.0,8.0,76.0,97.0,183.0,54.0,175.0,129.0,18.0,0.0,755.0
2005,Andhra Pradesh,Guntur,0.0,5.0,4.0,7.0,60.0,24.0,210.0,78.0,292.0,271.0,18.0,4.0,973.0
2006,Andhra Pradesh,Guntur,0.0,0.0,47.0,24.0,48.0,77.0,65.0,74.0,185.0,207.0,70.0,0.0,797.0
2007,Andhra Pradesh,Guntur,0.0,6.0,0.0,16.0,14.0,253.0,165.0,172.0,232.0,93.0,31.0,0.0,982.0
2008,Andhra Pradesh,Guntur,0.0,60.0,88.0,6.0,5.0,90.0,161.0,307.0,76.0,39.0,153.0,3.0,988.0
2009,Andhra Pradesh,Guntur,0.0,0.0,1.0,0.0,54.0,30.0,27.0,200.0,128.0,49.0,82.0,5.0,576.0
2010,Andhra Pradesh,Guntur,6.0,0.0,0.0,6.0,163.0,95.2,319.7,247.1,237.7,147.6,115.4,122.8,1460.5
2011,Andhra Pradesh,Guntur,0.0,14.2,0.5,40.7,16.7,45.4,191.8,169.2,54.1,66.1,11.9,0.3,610.9
2012,Andhra Pradesh,Guntur,66.0,0.0,2.2,6.0,21.7,109.8,159.7,147.8,172.9,133.9,192.7,0.0,1012.7
2013,Andhra Pradesh,Guntur,0.4,80.6,0.3,19.3,32.4,115.4,151.2,177.4,163.6,358.8,59.6,2.5,1161.5
2014,Andhra Pradesh,Guntur,0.0,2.4,0.3,0.3,65.2,19.1,130.5,116.9,144.7,149.6,51.7,0.7,681.4
2015,Andhra Pradesh,Guntur,1.3,0.0,0.7,18.8,17.3,183.3,93.5,144.9,142.4,31.8,78.6,0.9,713.5
2003,Andhra Pradesh,S.P.S. Nellore,0.0,0.0,30.0,1.0,1.0,23.0,234.0,61.0,91.0,239.0,42.0,83.0,805.0
2004,Andhra Pradesh,S.P.S. Nellore,5.0,0.0,0.0,15.0,180.0,26.0,86.0,24.0,157.0,298.0,243.0,1.0,1035.0
2005,Andhra Pradesh,S.P.S. Nellore,0.0,8.0,9.0,15.0,68.0,24.0,61.0,74.0,76.0,631.0,307.0,148.0,1421.0
2006,Andhra Pradesh,S.P.S. Nellore,0.9,0.0,40.0,14.0,28.0,57.0,31.0,44.0,99.0,232.0,304.0,44.0,893.9
2007,Andhra Pradesh,S.P.S. Nellore,0.0,6.0,0.0,18.0,17.0,121.0,91.0,168.0,71.0,630.0,80.0,75.0,1277.0
2008,Andhra Pradesh,S.P.S. Nellore,16.0,47.0,59.0,3.0,8.0,15.0,69.0,99.0,68.0,274.0,391.0,11.0,1060.0
2009,Andhra Pradesh,S.P.S. Nellore,0.0,0.0,0.0,4.0,28.0,36.0,27.0,122.0,88.0,42.0,460.0,109.0,916.0
2010,Andhra Pradesh,S.P.S. Nellore,3.0,0.0,0.0,6.0,105.0,108.2,112.9,209.4,91.1,291.6,332.8,137.6,1397.6
2011,Andhra Pradesh,S.P.S. Nellore,10.4,29.8,0.0,35.3,9.4,60.8,58.6,132.6,58.4,272.3,351.5,67.9,1087.0
2012,Andhra Pradesh,S.P.S. Nellore,47.9,0.0,0.0,16.8,18.4,30.9,116.2,84.2,80.0,184.7,141.3,190.6,911.0
2013,Andhra Pradesh,S.P.S. Nellore,0.0,51.8,30.6,15.1,7.6,38.0,140.1,101.6,102.9,225.4,149.5,9.2,871.8
2014,Andhra Pradesh,S.P.S. Nellore,0.9,2.4,0.6,9.3,22.5,42.5,62.0,122.9,70.9,157.1,130.9,83.3,705.3
2015,Andhra Pradesh,S.P.S. Nellore,0.6,0.0,9.3,50.1,29.9,59.0,28.9,149.4,112.4,69.6,757.1,119.0,1385.3
2003,Andhra Pradesh,Kurnool,0.0,0.0,15.0,13.0,0.0,77.0,221.0,121.0,121.0,166.0,14.0,11.0,759.0
2004,Andhra Pradesh,Kurnool,4.0,0.0,4.0,38.0,81.0,53.0,116.0,42.0,154.0,95.0,3.0,0.0,590.0
2005,Andhra Pradesh,Kurnool,1.0,3.0,5.0,36.0,35.0,50.0,157.0,110.0,147.0,252.0,4.0,1.0,801.0
2006,Andhra Pradesh,Kurnool,0.0,0.0,27.0,18.0,74.0,105.0,79.0,41.0,160.0,31.0,56.0,1.0,592.0
2007,Andhra Pradesh,Kurnool,0.0,2.0,0.0,24.0,44.0,396.0,62.0,180.0,236.0,47.0,18.0,0.0,1009.0
2008,Andhra Pradesh,Kurnool,0.0,16.0,94.0,3.0,31.0,34.0,95.0,132.0,118.0,81.0,55.0,1.0,660.0
2009,Andhra Pradesh,Kurnool,0.0,0.0,6.0,7.0,55.0,97.0,23.0,99.0,232.0,189.0,48.0,3.0,759.0
2010,Andhra Pradesh,Kurnool,11.0,1.0,0.0,15.0,38.0,101.3,224.5,180.3,127.2,63.6,51.1,11.1,824.1
2011,Andhra Pradesh,Kurnool,0.2,3.5,0.0,14.0,33.0,44.1,128.8,153.3,42.3,67.8,13.1,0.3,500.4
2012,Andhra Pradesh,Kurnool,5.6,0.0,3.2,35.5,34.4,32.6,141.8,151.2,96.3,60.4,46.6,1.7,609.3
2013,Andhra Pradesh,Kurnool,0.0,12.6,4.6,29.0,48.7,57.4,129.0,115.8,183.5,121.2,1.6,0.0,703.4
2014,Andhra Pradesh,Kurnool,0.0,1.1,19.7,7.7,48.9,83.2,114.4,153.4,95.1,80.4,23.3,1.7,628.9
2015,Andhra Pradesh,Kurnool,1.4,0.0,10.6,44.5,21.3,39.1,44.0,82.0,165.3,38.4,21.3,2.4,470.3
2003,Andhra Pradesh,Ananthapur,0.0,0.0,5.0,7.0,0.0,21.0,176.0,90.0,123.0,236.0,3.0,3.0,664.0
2004,Andhra Pradesh,Ananthapur,1.0,0.0,11.0,33.0,125.0,18.0,108.0,15.0,122.0,70.0,11.0,0.0,514.0
2005,Andhra Pradesh,Ananthapur,2.0,7.0,2.0,28.0,54.0,49.0,145.0,98.0,134.0,191.0,50.0,12.0,772.0
2006,Andhra Pradesh,Ananthapur,0.0,0.0,41.0,12.0,60.0,79.0,21.0,15.0,86.0,45.0,74.0,1.0,434.0
2007,Andhra Pradesh,Ananthapur,0.0,0.0,0.0,20.0,66.0,151.0,73.0,108.0,197.0,95.0,9.0,17.0,736.0
2008,Andhra Pradesh,Ananthapur,0.0,21.0,86.0,0.0,58.0,63.0,87.0,109.0,178.0,112.0,49.0,1.0,764.0
2009,Andhra Pradesh,Ananthapur,1.0,0.0,7.0,5.0,71.0,55.0,9.0,103.0,191.0,62.0,67.0,4.0,575.0
2010,Andhra Pradesh,Ananthapur,4.0,1.0,3.0,34.0,83.0,77.3,107.8,149.8,68.8,72.9,150.8,3.5,755.9
2011,Andhra Pradesh,Ananthapur,0.0,0.6,0.0,33.3,57.6,47.0,85.4,113.0,26.2,91.6,24.3,3.0,482.0
2012,Andhra Pradesh,Ananthapur,0.6,1.0,5.1,74.0,28.3,16.0,82.4,113.4,80.2,72.6,59.4,3.0,536.0
2013,Andhra Pradesh,Ananthapur,0.0,7.4,0.6,18.4,33.0,49.5,36.3,38.4,226.8,85.6,5.5,0.2,501.7
2014,Andhra Pradesh,Ananthapur,0.0,0.0,15.1,15.2,69.6,60.0,36.3,71.2,46.0,107.5,13.6,3.3,437.8
2015,Andhra Pradesh,Ananthapur,0.0,0.0,6.1,75.1,70.4,64.2,19.1,95.3,153.3,96.0,124.0,5.3,708.8
2003,Andhra Pradesh,Kadapa Ysr,0.0,0.0,10.0,4.0,0.0,21.0,41.0,72.0,46.0,172.0,1.0,6.0,373.0
2004,Andhra Pradesh,Kadapa Ysr,0.0,0.0,10.0,24.0,136.0,21.0,138.0,10.0,169.0,64.0,30.0,0.0,602.0
2005,Andhra Pradesh,Kadapa Ysr,0.0,3.0,4.0,18.0,36.0,39.0,116.0,99.0,76.0,302.0,101.0,61.0,855.0
2006,Andhra Pradesh,Kadapa Ysr,0.0,0.0,32.0,3.0,45.0,55.0,45.0,59.0,138.0,55.0,68.0,17.0,517.0
2007,Andhra Pradesh,Kadapa Ysr,0.0,0.0,0.0,12.0,65.0,198.0,64.0,181.0,203.0,221.0,34.0,28.0,1006.0
2008,Andhra Pradesh,Kadapa Ysr,0.0,32.0,47.0,2.0,22.0,14.0,50.0,106.0,115.0,110.0,199.0,3.0,700.0
2009,Andhra Pradesh,Kadapa Ysr,0.0,0.0,6.0,8.0,43.0,47.0,29.0,145.0,137.0,23.0,141.0,28.0,607.0
2010,Andhra Pradesh,Kadapa Ysr,3.0,1.0,0.0,12.0,48.0,119.4,165.1,136.6,101.2,76.9,198.8,45.4,907.4
2011,Andhra Pradesh,Kadapa Ysr,0.3,3.6,0.0,20.0,30.6,37.6,117.3,167.7,52.0,113.8,92.0,23.8,658.7
2012,Andhra Pradesh,Kadapa Ysr,1.5,1.5,0.3,39.2,26.3,41.0,117.8,90.0,38.1,76.3,78.7,47.5,558.2
2013,Andhra Pradesh,Kadapa Ysr,0.0,26.5,5.2,7.8,32.0,82.7,90.0,98.0,134.1,190.1,21.7,1.1,689.2
2014,Andhra Pradesh,Kadapa Ysr,0.0,0.0,7.7,6.5,22.2,45.5,49.5,89.4,82.6,96.9,26.7,5.6,432.6
2015,Andhra Pradesh,Kadapa Ysr,3.6,0.0,8.2,74.6,23.6,76.2,38.0,144.2,129.5,90.8,389.6,34.2,1012.5
2003,Andhra Pradesh,Chittoor,0.0,0.0,31.0,9.0,4.0,65.0,114.0,132.0,114.0,115.0,2.0,0.2,586.2
2004,Andhra Pradesh,Chittoor,4.0,1.0,3.0,33.0,199.0,40.0,123.0,17.0,199.0,112.0,72.0,0.0,803.0
2005,Andhra Pradesh,Chittoor,0.0,12.0,14.0,55.0,63.0,60.0,132.0,109.0,149.0,345.0,255.0,153.0,1347.0
2006,Andhra Pradesh,Chittoor,0.2,0.0,35.0,11.0,70.0,97.0,17.0,96.0,133.0,150.0,98.0,34.0,741.2
2007,Andhra Pradesh,Chittoor,0.0,3.0,0.0,28.0,64.0,102.0,111.0,191.0,135.0,214.0,46.0,178.0,1072.0
2008,Andhra Pradesh,Chittoor,15.0,10.0,56.0,7.0,65.0,44.0,99.0,89.0,132.0,166.0,275.0,12.0,970.0
2009,Andhra Pradesh,Chittoor,1.0,0.0,4.0,10.0,47.0,68.0,41.0,129.0,126.0,35.0,187.0,61.0,709.0
2010,Andhra Pradesh,Chittoor,2.0,0.0,1.0,14.0,97.0,104.8,180.4,152.0,135.3,96.5,233.3,69.7,1086.0
2011,Andhra Pradesh,Chittoor,1.4,23.5,0.0,58.4,35.2,50.2,135.5,172.8,105.5,127.6,177.3,65.1,952.5
2012,Andhra Pradesh,Chittoor,3.3,0.0,2.9,45.2,65.6,55.8,160.4,140.0,76.3,194.7,134.4,123.9,1002.5
2013,Andhra Pradesh,Chittoor,3.0,44.6,20.7,40.5,38.6,76.4,80.4,116.8,174.2,181.5,73.9,5.4,856.0
2014,Andhra Pradesh,Chittoor,0.5,1.0,11.9,2.5,64.7,72.8,56.7,112.6,72.3,125.1,55.3,25.0,600.4
2015,Andhra Pradesh,Chittoor,0.9,0.0,19.1,89.6,63.4,90.6,46.2,132.1,124.4,159.9,596.5,96.2,1418.9
2003,Telangana,Hyderabad,0.0,7.0,12.0,27.0,0.0,66.0,265.0,144.0,55.0,169.0,0.0,0.0,745.0
2004,Telangana,Hyderabad,29.0,1.0,32.0,59.0,39.0,29.0,221.0,75.0,116.0,73.0,0.0,0.0,674.0
2005,Telangana,Hyderabad,40.0,10.0,18.0,25.0,22.0,89.0,370.0,115.0,221.0,222.0,0.0,0.0,1132.0
2006,Telangana,Hyderabad,0.0,0.0,30.0,52.0,71.0,77.0,169.0,219.0,175.0,20.0,29.0,0.0,842.0
2007,Telangana,Hyderabad,0.0,0.0,0.0,35.0,19.0,166.0,75.0,218.0,236.0,17.0,25.0,0.0,791.0
2008,Telangana,Hyderabad,0.0,57.0,135.0,15.0,10.0,69.0,91.0,487.0,216.0,35.0,44.0,0.0,1159.0
2009,Telangana,Hyderabad,0.0,0.0,0.0,15.0,14.0,57.0,49.0,279.0,159.0,82.0,23.0,4.0,682.0
2010,Telangana,Hyderabad,7.0,4.0,6.0,1.0,19.0,134.0,319.4,259.2,168.3,53.1,32.5,15.6,1019.1
2011,Telangana,Hyderabad,0.0,26.3,1.7,4.8,1.8,26.2,185.8,231.2,56.9,58.0,6.6,0.0,599.3
2012,Telangana,Hyderabad,0.1,0.0,0.0,16.0,3.3,142.4,235.7,137.1,118.6,85.6,40.0,0.0,778.8
2013,Telangana,Hyderabad,1.1,17.7,0.0,72.2,15.3,187.0,223.4,138.7,189.8,227.9,15.8,0.0,1088.9
2014,Telangana,Hyderabad,0.0,0.6,55.5,9.0,41.9,58.6,137.7,131.1,95.8,23.9,53.4,0.2,607.7
2015,Telangana,Hyderabad,0.1,0.0,20.8,55.8,4.7,115.4,39.4,75.4,129.5,74.5,0.3,0.0,515.9
2003,Telangana,Nizamabad,0.0,6.0,21.0,10.0,0.0,107.0,279.0,284.0,81.0,42.0,2.0,0.0,832.0
2004,Telangana,Nizamabad,13.0,7.0,6.0,13.0,39.0,60.0,299.0,119.0,120.0,30.0,9.0,0.0,715.0
2005,Telangana,Nizamabad,76.0,5.0,37.0,11.0,1.0,104.0,406.0,166.0,283.0,91.0,0.0,4.0,1184.0
2006,Telangana,Nizamabad,0.0,0.0,54.0,24.0,40.0,96.0,191.0,385.0,216.0,45.0,17.0,0.0,1068.0
2007,Telangana,Nizamabad,0.0,0.0,2.0,6.0,4.0,148.0,142.0,211.0,311.0,20.0,14.0,0.0,858.0
2008,Telangana,Nizamabad,0.0,15.0,86.0,15.0,0.0,108.0,196.0,345.0,153.0,9.0,5.0,1.0,933.0
2009,Telangana,Nizamabad,0.0,0.0,0.0,6.0,19.0,77.0,165.0,188.0,151.0,38.0,21.0,3.0,668.0
2010,Telangana,Nizamabad,7.0,25.0,2.0,9.0,3.0,101.6,274.4,265.5,228.2,129.7,34.5,0.4,1080.3
2011,Telangana,Nizamabad,0.0,5.2,4.9,14.8,6.9,73.5,416.4,327.1,87.9,23.0,0.0,0.0,959.7
2012,Telangana,Nizamabad,0.4,0.0,0.0,6.0,1.5,133.8,214.8,216.0,153.9,90.1,28.9,0.0,845.4
2013,Telangana,Nizamabad,9.1,36.8,1.0,39.2,4.5,254.2,549.1,173.8,117.9,136.2,19.1,0.8,1341.7
2014,Telangana,Nizamabad,0.0,8.0,102.1,14.0,49.9,57.2,127.2,188.8,67.6,15.4,12.6,3.9,646.7
2015,Telangana,Nizamabad,15.1,0.0,40.2,83.3,25.6,155.5,63.4,158.2,92.0,27.3,0.1,0.6,661.3
2003,Telangana,Medak,0.0,2.0,12.0,7.0,0.0,91.0,213.0,249.0,112.0,73.0,0.0,0.0,759.0
2004,Telangana,Medak,18.0,3.0,11.0,24.0,25.0,38.0,222.0,51.0,83.0,60.0,1.0,0.0,536.0
2005,Telangana,Medak,20.0,12.0,19.0,17.0,6.0,51.0,292.0,78.0,227.0,113.0,0.0,2.0,837.0
2006,Telangana,Medak,0.0,0.0,53.0,38.0,42.0,83.0,107.0,236.0,233.0,26.0,25.0,0.0,843.0
2007,Telangana,Medak,0.0,0.0,0.0,10.0,15.0,151.0,101.0,145.0,194.0,13.0,14.0,0.0,643.0
2008,Telangana,Medak,0.0,37.0,130.0,18.0,4.0,63.0,119.0,330.0,158.0,10.0,5.0,0.0,874.0
2009,Telangana,Medak,0.0,0.0,3.0,6.0,14.0,70.0,62.0,190.0,164.0,60.0,20.0,3.0,592.0
2010,Telangana,Medak,11.0,18.0,2.0,5.0,8.0,74.3,285.7,238.9,158.9,98.8,21.4,1.7,923.7
2011,Telangana,Medak,0.0,0.0,0.0,22.3,5.5,54.5,253.4,179.1,56.5,23.3,6.2,0.0,600.8
2012,Telangana,Medak,0.0,0.0,0.0,6.8,35.6,170.0,224.0,132.0,127.6,82.9,64.1,0.0,843.0
2013,Telangana,Medak,4.1,18.6,0.0,27.1,13.2,135.3,348.5,130.5,179.6,178.0,32.5,0.7,1068.1
2014,Telangana,Medak,0.0,0.0,83.8,4.2,52.2,30.7,104.0,143.6,52.2,23.7,17.4,0.3,512.1
2015,Telangana,Medak,8.5,0.0,46.1,52.1,19.2,105.0,40.9,100.2,109.7,27.3,0.0,0.0,509.0
2003,Telangana,Mahabubnagar,0.0,0.0,34.0,10.0,0.0,74.0,137.0,184.0,95.0,66.0,0.0,0.0,600.0
2004,Telangana,Mahabubnagar,1.0,1.0,0.0,24.0,39.0,22.0,110.0,32.0,107.0,85.0,0.0,0.0,421.0
2005,Telangana,Mahabubnagar,1.0,2.0,9.0,25.0,20.0,44.0,214.0,136.0,215.0,214.0,7.0,0.0,887.0
2006,Telangana,Mahabubnagar,0.0,0.0,29.0,50.0,64.0,112.0,55.0,47.0,153.0,18.0,31.0,0.0,559.0
2007,Telangana,Mahabubnagar,0.0,1.0,0.0,23.0,44.0,226.0,73.0,150.0,200.0,38.0,25.0,0.0,780.0
2008,Telangana,Mahabubnagar,0.0,12.0,111.0,8.0,5.0,45.0,78.0,178.0,89.0,27.0,19.0,1.0,573.0
2009,Telangana,Mahabubnagar,0.0,0.0,2.0,1.0,18.0,82.0,35.0,147.0,199.0,204.0,34.0,1.0,723.0
2010,Telangana,Mahabubnagar,4.0,0.0,0.0,8.0,19.0,59.9,259.3,181.8,139.4,54.1,23.2,6.4,755.1
2011,Telangana,Mahabubnagar,0.0,1.4,0.0,34.2,31.8,40.8,154.1,155.1,35.9,40.7,0.4,0.0,494.4
2012,Telangana,Mahabubnagar,1.3,0.0,2.0,38.0,8.3,67.0,153.7,135.2,115.5,70.2,41.5,0.0,632.7
2013,Telangana,Mahabubnagar,0.0,18.5,0.0,11.6,21.6,91.2,142.6,161.4,212.9,244.0,7.0,0.0,910.8
2014,Telangana,Mahabubnagar,0.0,0.0,22.0,20.0,85.6,75.4,107.7,143.9,94.1,34.3,12.9,5.2,601.1
2015,Telangana,Mahabubnagar,3.9,0.0,24.0,53.8,18.1,70.3,33.2,107.9,117.0,39.0,0.5,4.2,471.9
2003,Telangana,Nalgonda,0.0,0.0,13.0,1.0,0.0,70.0,204.0,149.0,125.0,124.0,0.0,2.0,688.0
2004,Telangana,Nalgonda,21.0,7.0,3.0,13.0,29.0,60.0,158.0,34.0,90.0,117.0,6.0,0.0,538.0
2005,Telangana,Nalgonda,6.0,5.0,14.0,8.0,21.0,33.0,248.0,64.0,231.0,279.0,4.0,6.0,919.0
2006,Telangana,Nalgonda,0.0,0.0,47.0,46.0,42.0,63.0,50.0,132.0,179.0,41.0,30.0,0.0,630.0
2007,Telangana,Nalgonda,0.0,4.0,0.0,16.0,31.0,139.0,70.0,158.0,245.0,64.0,14.0,0.0,741.0
2008,Telangana,Nalgonda,0.0,19.0,94.0,11.0,3.0,58.0,108.0,324.0,120.0,27.0,29.0,0.0,793.0
2009,Telangana,Nalgonda,0.0,0.0,6.0,2.0,12.0,43.0,31.0,120.0,137.0,90.0,35.0,0.0,476.0
2010,Telangana,Nalgonda,17.0,1.0,6.0,4.0,46.0,67.7,224.1,154.0,153.4,74.0,60.3,34.4,841.9
2011,Telangana,Nalgonda,0.0,13.7,0.0,24.8,18.7,52.8,184.8,149.8,32.4,16.2,2.9,0.0,496.1
2012,Telangana,Nalgonda,23.1,0.0,0.0,13.6,6.5,82.4,143.9,121.6,130.7,86.0,66.1,0.0,673.9
2013,Telangana,Nalgonda,12.0,48.3,0.0,21.4,12.9,116.1,177.6,212.8,152.4,363.4,29.4,0.0,1146.3
2014,Telangana,Nalgonda,0.7,0.0,6.2,7.5,73.7,30.5,85.2,110.2,119.8,94.0,14.8,0.6,543.2
2015,Telangana,Nalgonda,0.0,0.0,3.2,42.6,19.7,160.5,58.7,167.7,148.3,29.1,7.5,0.2,637.5
2003,Telangana,Warangal,0.0,1.0,10.0,1.0,1.0,100.0,299.0,222.0,108.0,156.0,0.0,7.0,905.0
2004,Telangana,Warangal,45.0,12.0,1.0,20.0,21.0,28.0,249.0,140.0,104.0,75.0,5.0,0.0,700.0
2005,Telangana,Warangal,14.0,7.0,7.0,12.0,24.0,125.0,352.0,101.0,340.0,140.0,0.0,13.0,1135.0
2006,Telangana,Warangal,0.0,0.0,46.0,32.0,42.0,97.0,131.0,339.0,333.0,27.0,48.0,0.0,1095.0
2007,Telangana,Warangal,0.0,8.0,0.0,24.0,13.0,177.0,151.0,214.0,301.0,64.0,10.0,0.0,962.0
2008,Telangana,Warangal,0.0,24.0,139.0,23.0,4.0,167.0,202.0,457.0,149.0,26.0,5.0,0.0,1196.0
2009,Telangana,Warangal,0.0,0.0,3.0,5.0,19.0,63.0,94.0,144.0,152.0,76.0,34.0,1.0,591.0
2010,Telangana,Warangal,9.0,5.0,2.0,5.0,46.0,143.3,465.1,221.0,238.4,89.6,36.5,17.0,1277.9
2011,Telangana,Warangal,0.0,0.0,5.6,38.1,5.1,83.0,314.1,180.4,90.0,11.9,8.1,0.0,736.3
2012,Telangana,Warangal,12.6,0.0,0.0,5.9,17.1,161.3,335.4,293.4,243.3,96.2,66.7,0.0,1231.9
2013,Telangana,Warangal,4.0,23.9,0.0,19.9,4.3,161.3,483.0,272.0,137.3,231.7,25.5,3.6,1366.5
2014,Telangana,Warangal,0.5,0.0,42.1,5.0,105.6,53.9,172.1,201.7,118.3,29.5,11.0,0.0,739.7
2015,Telangana,Warangal,6.2,0.0,29.6,72.5,16.1,375.4,102.5,175.4,179.3,22.2,0.8,0.1,980.1
2003,Telangana,Khammam,0.0,3.0,7.0,6.0,0.0,147.0,371.0,327.0,132.0,123.0,1.0,64.0,1181.0
2004,Telangana,Khammam,17.0,8.0,1.0,16.0,34.0,117.0,295.0,339.0,113.0,96.0,14.0,0.0,1050.0
2005,Telangana,Khammam,3.0,18.0,1.0,17.0,45.0,102.0,341.0,161.0,556.0,168.0,15.0,10.0,1437.0
2006,Telangana,Khammam,0.0,0.0,50.0,55.0,82.0,115.0,143.0,391.0,297.0,32.0,37.0,0.0,1202.0
2007,Telangana,Khammam,0.0,16.0,0.0,24.0,17.0,180.0,206.0,282.0,280.0,132.0,7.0,0.0,1144.0
2008,Telangana,Khammam,0.0,30.0,135.0,11.0,8.0,187.0,287.0,525.0,174.0,52.0,35.0,0.0,1444.0
2009,Telangana,Khammam,0.0,0.0,6.0,3.0,58.0,56.0,145.0,177.0,121.0,86.0,48.0,0.0,700.0
2010,Telangana,Khammam,31.0,2.0,2.0,24.0,179.0,154.3,489.7,295.0,222.8,126.5,75.5,60.8,1662.6
2011,Telangana,Khammam,0.0,9.5,2.8,53.4,29.8,108.7,288.1,249.6,98.6,26.4,1.5,0.0,868.4
2012,Telangana,Khammam,19.3,0.0,0.0,31.7,39.0,170.7,372.5,356.3,262.1,106.4,163.1,0.0,1521.1
2013,Telangana,Khammam,1.0,19.4,0.0,47.5,11.7,199.3,503.9,298.4,170.0,231.4,20.6,0.0,1503.2
2014,Telangana,Khammam,0.0,0.0,18.9,2.7,76.9,23.9,229.3,183.3,179.6,90.6,14.4,0.0,819.6
2015,Telangana,Khammam,1.9,0.0,6.7,46.6,31.3,398.1,98.2,193.5,198.1,14.3,8.4,0.0,997.1
2003,Telangana,Karimnagar,0.0,3.0,11.0,10.0,0.0,100.0,226.0,205.0,65.0,108.0,0.0,1.0,729.0
2004,Telangana,Karimnagar,10.0,16.0,3.0,24.0,18.0,53.0,186.0,89.0,85.0,44.0,4.0,0.0,532.0
2005,Telangana,Karimnagar,51.0,13.0,8.0,15.0,10.0,149.0,296.0,97.0,258.0,95.0,0.0,3.0,995.0
2006,Telangana,Karimnagar,0.0,0.0,78.0,30.0,18.0,89.0,127.0,326.0,393.0,14.0,92.0,0.0,1167.0
2007,Telangana,Karimnagar,0.0,1.0,0.0,11.0,20.0,147.0,104.0,184.0,315.0,38.0,12.0,0.0,832.0
2008,Telangana,Karimnagar,0.0,1.0,84.0,7.0,2.0,115.0,188.0,291.0,148.0,10.0,4.0,0.0,850.0
2009,Telangana,Karimnagar,0.0,0.0,4.0,2.0,23.0,81.0,127.0,152.0,172.0,61.0,46.0,2.0,670.0
2010,Telangana,Karimnagar,6.0,10.0,1.0,4.0,11.0,65.1,349.0,326.7,256.2,105.4,50.5,10.3,1195.2
2011,Telangana,Karimnagar,0.0,17.5,5.0,20.0,7.3,65.7,263.5,181.9,90.5,5.7,0.9,0.0,658.0
2012,Telangana,Karimnagar,4.9,0.0,0.1,11.7,3.0,89.6,364.0,267.8,197.8,68.6,39.0,0.0,1046.5
2013,Telangana,Karimnagar,5.0,44.8,0.0,17.0,18.0,255.6,497.6,188.2,131.8,260.4,9.0,0.3,1427.7
2014,Telangana,Karimnagar,0.0,2.4,66.7,9.1,66.1,84.9,169.3,195.1,122.5,12.1,4.1,0.8,733.1
2015,Telangana,Karimnagar,31.9,0.0,38.8,53.6,16.2,209.6,92.2,142.5,212.5,13.3,0.0,0.4,811.0
2003,Telangana,Adilabad,0.0,10.0,15.0,14.0,0.0,152.0,400.0,316.0,104.0,71.0,1.0,0.0,1083.0
2004,Telangana,Adilabad,23.0,8.0,3.0,15.0,27.0,83.0,218.0,140.0,137.0,32.0,10.0,0.0,696.0
2005,Telangana,Adilabad,95.0,12.0,14.0,6.0,11.0,140.0,520.0,168.0,172.0,98.0,0.0,12.0,1248.0
2006,Telangana,Adilabad,0.0,0.0,42.0,30.0,28.0,119.0,250.0,378.0,308.0,33.0,26.0,0.0,1214.0
2007,Telangana,Adilabad,0.0,0.0,2.0,22.0,2.0,178.0,172.0,223.0,239.0,30.0,6.0,0.0,874.0
2008,Telangana,Adilabad,0.0,6.0,50.0,5.0,0.0,126.0,220.0,379.0,142.0,12.0,1.0,0.0,941.0
2009,Telangana,Adilabad,0.0,0.0,0.0,0.0,6.0,101.0,167.0,187.0,123.0,40.0,26.0,1.0,651.0
2010,Telangana,Adilabad,16.0,8.0,1.0,5.0,4.0,96.2,405.0,405.3,276.0,105.5,51.5,3.4,1376.9
2011,Telangana,Adilabad,0.0,26.0,0.2,19.4,9.1,113.2,274.2,313.7,146.2,6.9,0.0,0.0,908.9
2012,Telangana,Adilabad,2.9,0.0,0.0,6.5,0.0,76.9,332.2,292.9,250.0,70.8,16.6,0.0,1048.8
2013,Telangana,Adilabad,2.5,42.5,0.4,13.4,6.4,342.4,594.4,259.1,168.0,174.2,0.6,3.8,1607.7
2014,Telangana,Adilabad,0.0,7.9,89.6,11.8,37.1,84.8,161.0,214.8,222.5,24.3,6.7,0.9,861.4
2015,Telangana,Adilabad,36.4,0.0,58.6,50.3,33.5,277.6,149.5,174.9,173.2,4.9,0.0,4.2,963.1
2012,Karnataka,Bangalore,0.1,0.0,2.5,39.4,108.2,14.8,68.5,134.4,44.5,69.8,103.7,15.8,601.5
2013,Karnataka,Bangalore,0.0,5.5,2.5,33.9,114.9,87.3,80.0,74.2,258.9,113.1,61.6,3.3,834.9
2014,Karnataka,Bangalore,0.0,0.1,16.3,9.1,87.9,77.6,85.4,140.4,192.1,257.3,31.6,3.0,900.4
2015,Karnataka,Bangalore,13.4,0.0,25.1,121.7,143.3,94.0,63.8,101.0,214.5,94.1,210.3,7.6,1088.5
2003,Karnataka,Kolar,-1.0,-1.0,-1.0,10.0,3.0,67.0,89.0,115.0,105.0,175.0,13.0,0.0,577.0
2004,Karnataka,Kolar,2.0,1.0,14.0,33.0,172.0,30.0,164.0,38.0,176.0,113.0,28.0,0.0,771.0
2005,Karnataka,Kolar,1.0,0.0,11.0,24.0,154.0,81.0,120.0,138.0,224.0,306.0,125.0,15.0,1199.0
2006,Karnataka,Kolar,0.0,0.0,43.0,13.0,72.0,114.0,27.0,68.0,77.0,85.0,85.0,10.0,594.0
2007,Karnataka,Kolar,0.0,0.6,0.0,27.5,118.6,77.3,112.6,143.3,165.6,120.1,24.6,49.8,840.0
2008,Karnataka,Kolar,0.0,0.0,0.0,39.0,91.0,35.0,113.0,141.0,135.0,139.0,66.0,3.0,632.0
2009,Karnataka,Kolar,0.1,0.0,9.9,14.4,67.2,78.9,18.0,120.6,228.8,32.6,0.0,0.0,570.5
2010,Karnataka,Kolar,2.0,1.0,4.0,55.0,142.0,115.0,128.0,66.0,89.0,40.0,158.0,7.0,806.0
2011,Karnataka,Kolar,1.0,11.0,2.0,78.0,65.0,33.0,98.0,122.0,38.0,134.0,50.0,10.0,643.0
2012,Karnataka,Kolar,0.0,0.0,4.7,65.4,81.3,35.2,129.7,103.8,50.0,120.8,101.3,25.6,717.8
2013,Karnataka,Kolar,0.0,16.5,4.9,36.8,76.5,55.6,56.3,59.6,181.6,151.7,20.9,3.4,663.8
2014,Karnataka,Kolar,0.0,0.0,13.6,3.5,85.9,71.7,58.3,45.5,74.9,125.5,30.6,8.5,518.0
2015,Karnataka,Kolar,5.6,0.0,48.1,81.3,107.1,69.6,51.0,103.2,135.8,101.2,374.9,6.0,1083.8
2003,Karnataka,Tumkur,-1.0,-1.0,-1.0,27.0,2.0,45.0,64.0,96.0,28.0,214.0,7.0,0.0,480.0
2004,Karnataka,Tumkur,0.0,0.0,15.0,60.0,171.0,63.0,148.0,47.0,134.0,97.0,28.0,0.0,763.0
2005,Karnataka,Tumkur,0.0,0.0,15.0,50.0,142.0,39.0,169.0,163.0,97.0,281.0,68.0,3.0,1027.0
2006,Karnataka,Tumkur,0.0,0.0,68.0,18.0,95.0,116.0,46.0,25.0,65.0,55.0,90.0,0.0,578.0
2007,Karnataka,Tumkur,0.0,0.0,0.0,26.3,122.8,108.8,92.4,150.1,171.6,140.9,12.7,4.9,830.5
2008,Karnataka,Tumkur,0.0,1.0,0.0,37.0,87.0,48.0,119.0,173.0,108.0,123.0,24.0,1.0,597.0
2009,Karnataka,Tumkur,0.3,0.0,27.1,23.8,117.5,81.4,42.9,142.0,220.9,68.6,0.0,0.0,724.5
2010,Karnataka,Tumkur,4.0,1.0,6.0,57.0,96.0,56.0,118.0,129.0,100.0,117.0,157.0,0.0,841.0
2011,Karnataka,Tumkur,0.0,2.0,1.0,63.0,85.0,43.0,62.0,89.0,39.0,123.0,39.0,1.0,549.0
2012,Karnataka,Tumkur,0.0,0.0,3.1,117.5,37.7,17.2,40.6,146.3,72.1,38.0,85.7,1.7,559.9
2013,Karnataka,Tumkur,0.0,5.8,3.0,22.5,84.9,59.8,41.8,58.9,253.5,95.4,28.3,0.3,654.2
2014,Karnataka,Tumkur,0.0,3.9,26.6,24.0,98.4,66.6,48.0,123.3,113.4,172.1,18.7,8.8,703.8
2015,Karnataka,Tumkur,0.6,0.0,11.4,88.0,80.5,75.5,34.4,112.6,218.2,136.9,178.2,3.0,939.3
2003,Karnataka,Mysore,-1.0,-1.0,-1.0,72.0,32.0,80.0,77.0,97.0,15.0,246.0,14.0,0.0,633.0
2004,Karnataka,Mysore,0.0,0.0,9.0,104.0,206.0,59.0,105.0,51.0,99.0,134.0,43.0,0.0,810.0
2005,Karnataka,Mysore,0.0,0.0,11.0,101.0,193.0,110.0,146.0,121.0,98.0,292.0,102.0,8.0,1182.0
2006,Karnataka,Mysore,0.0,0.0,66.0,92.0,163.0,108.0,61.0,55.0,72.0,64.0,68.0,0.0,749.0
2007,Karnataka,Mysore,0.0,0.2,0.5,15.8,84.0,118.0,115.7,155.5,92.6,161.5,56.0,23.9,823.7
2008,Karnataka,Mysore,0.0,0.0,0.0,31.0,94.0,60.0,113.0,112.0,49.0,130.0,10.0,0.0,474.0
2009,Karnataka,Mysore,0.0,0.0,40.0,32.3,94.9,30.9,171.2,137.3,154.6,66.4,0.0,0.0,727.6
2010,Karnataka,Mysore,2.0,1.0,3.0,118.0,91.0,83.0,89.0,101.0,69.0,118.0,195.0,3.0,873.0
2011,Karnataka,Mysore,0.0,10.0,13.0,127.0,96.0,59.0,75.0,83.0,56.0,180.0,84.0,0.0,782.0
2012,Karnataka,Mysore,0.7,2.3,0.0,123.0,53.2,35.5,38.8,76.6,64.9,88.5,38.1,4.9,526.5
2013,Karnataka,Mysore,0.0,1.8,6.1,61.2,76.0,105.8,130.3,67.1,111.6,123.8,46.2,0.1,730.0
2014,Karnataka,Mysore,0.4,2.3,14.1,40.5,151.5,66.6,122.0,139.0,164.5,146.8,3.8,28.6,880.1
2015,Karnataka,Mysore,2.4,0.1,32.9,99.1,167.6,182.4,30.6,113.8,116.6,93.9,132.8,9.0,981.2
2003,Karnataka,Mandya,-1.0,-1.0,-1.0,59.0,15.0,50.0,37.0,63.0,10.0,233.0,32.0,0.0,499.0
2004,Karnataka,Mandya,0.0,2.0,9.0,107.0,249.0,57.0,95.0,29.0,143.0,185.0,34.0,0.0,910.0
2005,Karnataka,Mandya,0.0,1.0,9.0,87.0,229.0,63.0,121.0,152.0,85.0,385.0,57.0,13.0,1202.0
2006,Karnataka,Mandya,0.0,0.0,74.0,17.0,136.0,83.0,14.0,30.0,46.0,54.0,74.0,1.0,529.0
2007,Karnataka,Mandya,0.0,0.0,0.0,21.9,86.7,69.0,43.6,118.8,97.5,237.7,24.6,9.6,709.4
2008,Karnataka,Mandya,0.0,0.0,0.0,30.0,88.0,58.0,92.0,128.0,56.0,135.0,22.0,1.0,492.0
2009,Karnataka,Mandya,0.0,0.0,5.5,27.7,64.6,36.6,41.0,157.6,216.3,55.4,0.0,0.0,604.7
2010,Karnataka,Mandya,4.0,0.0,13.0,84.0,86.0,89.0,96.0,106.0,96.0,122.0,168.0,1.0,864.0
2011,Karnataka,Mandya,0.0,18.0,12.0,101.0,103.0,14.0,39.0,60.0,26.0,183.0,106.0,2.0,664.0
2012,Karnataka,Mandya,0.2,0.0,0.1,107.1,45.5,13.6,25.5,41.9,84.3,132.1,54.7,9.0,514.0
2013,Karnataka,Mandya,0.0,15.6,10.8,58.2,91.7,50.0,32.8,34.4,173.4,95.5,43.8,3.1,609.3
2014,Karnataka,Mandya,0.0,0.2,18.1,39.4,139.2,57.3,52.0,84.4,183.1,184.9,6.4,22.0,787.0
2015,Karnataka,Mandya,0.0,0.0,13.6,47.0,172.3,72.2,14.5,116.9,119.1,97.9,192.7,4.9,851.1
2003,Karnataka,Hassan,-1.0,-1.0,-1.0,47.0,5.0,122.0,124.0,78.0,22.0,221.0,8.0,0.0,627.0
2004,Karnataka,Hassan,0.0,0.0,3.0,119.0,210.0,201.0,79.0,176.0,81.0,111.0,25.0,0.0,1005.0
2005,Karnataka,Hassan,0.0,0.0,11.0,124.0,227.0,129.0,411.0,215.0,96.0,281.0,64.0,2.0,1560.0
2006,Karnataka,Hassan,0.0,0.0,45.0,52.0,134.0,189.0,250.0,155.0,161.0,56.0,103.0,1.0,1146.0
2007,Karnataka,Hassan,0.0,0.0,3.4,37.5,72.3,227.7,206.0,220.8,133.3,293.9,16.7,2.9,1214.5
2008,Karnataka,Hassan,0.0,0.0,0.0,52.0,65.0,231.0,338.0,411.0,152.0,167.0,26.0,0.0,1325.0
2009,Karnataka,Hassan,0.0,0.0,23.9,50.8,97.3,69.3,314.4,165.4,271.2,57.9,0.0,0.0,1050.2
2010,Karnataka,Hassan,14.0,14.0,0.0,104.0,125.0,151.0,313.0,275.0,221.0,214.0,245.0,2.0,1676.0
2011,Karnataka,Hassan,0.0,8.0,13.0,105.0,122.0,263.0,271.0,257.0,149.0,204.0,125.0,1.0,1516.0
2012,Karnataka,Hassan,0.0,0.3,1.2,149.6,51.5,39.6,81.0,167.6,81.7,33.9,48.4,3.6,658.4
2013,Karnataka,Hassan,0.4,15.1,30.1,37.3,99.2,155.8,242.9,122.5,171.9,82.3,28.1,10.2,995.8
2014,Karnataka,Hassan,0.0,0.3,14.2,78.1,148.5,70.4,220.5,160.9,195.0,137.2,9.4,15.4,1049.9
2015,Karnataka,Hassan,0.9,0.0,30.4,101.9,133.0,231.3,37.6,122.8,122.1,74.4,137.3,6.0,997.7
2003,Karnataka,Shimoge,-1.0,-1.0,-1.0,60.0,2.0,262.0,392.0,229.0,79.0,250.0,2.0,1.0,1277.0
2004,Karnataka,Shimoge,1.0,0.0,2.0,56.0,168.0,432.0,288.0,498.0,84.0,61.0,15.0,0.0,1605.0
2005,Karnataka,Shimoge,0.0,0.0,5.0,41.0,240.0,350.0,690.0,387.0,185.0,204.0,11.0,0.0,2113.0
2006,Karnataka,Shimoge,0.0,0.0,6.0,3.0,139.0,357.0,606.0,459.0,181.0,34.0,62.0,0.0,1847.0
2007,Karnataka,Shimoge,0.0,0.0,0.0,19.9,25.7,575.0,666.0,653.3,278.2,120.3,31.1,3.9,2373.4
2008,Karnataka,Shimoge,0.0,0.0,0.0,35.0,67.0,618.0,599.0,844.0,302.0,49.0,10.0,0.0,2422.0
2009,Karnataka,Shimoge,0.0,0.0,31.0,18.2,103.5,195.2,1323.5,213.9,352.1,181.4,0.0,0.0,2418.8
2010,Karnataka,Shimoge,12.0,0.0,1.0,62.0,73.0,413.0,832.0,607.0,410.0,180.0,161.0,1.0,2754.0
2011,Karnataka,Shimoge,0.0,0.0,0.0,51.0,30.0,710.0,802.0,659.0,442.0,135.0,41.0,0.0,2869.0
2012,Karnataka,Shimoge,0.0,0.0,1.0,112.5,20.1,284.8,466.1,664.4,223.4,54.6,85.3,0.8,1913.0
2013,Karnataka,Shimoge,3.6,18.8,6.4,33.8,77.7,527.4,1239.4,476.4,222.2,136.0,13.5,1.2,2756.4
2014,Karnataka,Shimoge,0.0,8.3,9.9,71.8,141.9,303.3,1105.6,849.9,312.9,127.2,22.1,25.0,2977.9
2015,Karnataka,Shimoge,0.0,0.0,25.6,47.4,129.7,568.0,294.1,241.6,129.0,89.7,64.9,0.4,1590.4
2003,Karnataka,Chickmagalur,-1.0,-1.0,-1.0,57.0,11.0,255.0,413.0,305.0,74.0,253.0,13.0,0.0,1381.0
2004,Karnataka,Chickmagalur,0.0,0.0,14.0,61.0,194.0,454.0,345.0,537.0,116.0,67.0,32.0,0.0,1820.0
2005,Karnataka,Chickmagalur,0.0,0.0,14.0,46.0,246.0,285.0,788.0,503.0,186.0,237.0,27.0,0.0,2332.0
2006,Karnataka,Chickmagalur,2.0,0.0,29.0,20.0,155.0,369.0,618.0,486.0,197.0,49.0,142.0,0.0,2067.0
2007,Karnataka,Chickmagalur,0.0,0.2,1.4,30.8,86.7,525.3,734.9,623.5,400.0,214.5,15.2,6.1,2638.6
2008,Karnataka,Chickmagalur,0.0,0.0,1.0,37.0,63.0,315.0,435.0,591.0,205.0,117.0,19.0,1.0,1684.0
2009,Karnataka,Chickmagalur,0.0,0.0,85.5,31.0,104.5,170.4,992.1,208.9,339.8,173.0,0.0,0.0,2105.2
2010,Karnataka,Chickmagalur,7.0,0.0,18.0,89.0,89.0,233.0,475.0,415.0,279.0,172.0,217.0,4.0,1998.0
2011,Karnataka,Chickmagalur,0.0,7.0,6.0,95.0,72.0,368.0,417.0,363.0,214.0,180.0,51.0,0.0,1772.0
2012,Karnataka,Chickmagalur,0.0,0.3,0.7,170.9,39.8,196.4,314.1,539.7,187.0,57.6,101.7,1.0,1609.2
2013,Karnataka,Chickmagalur,1.5,23.2,18.8,19.1,140.2,389.4,915.4,367.8,232.5,72.6,16.3,4.3,2201.1
2014,Karnataka,Chickmagalur,0.8,1.5,8.9,79.8,177.3,175.4,751.2,517.2,230.4,149.4,23.2,16.0,2131.1
2015,Karnataka,Chickmagalur,0.0,0.4,36.9,95.1,143.2,479.6,291.1,224.7,164.9,139.1,111.4,5.6,1692.0
2003,Karnataka,Chitradurga,-1.0,-1.0,-1.0,25.0,0.0,14.0,21.0,83.0,10.0,175.0,3.0,0.0,-1.0
2004,Karnataka,Chitradurga,1.0,0.0,11.0,71.0,169.0,58.0,89.0,44.0,100.0,65.0,11.0,0.0,619.0
2005,Karnataka,Chitradurga,1.0,0.0,9.0,55.0,149.0,59.0,192.0,128.0,93.0,181.0,34.0,1.0,902.0
2006,Karnataka,Chitradurga,0.0,0.0,53.0,30.0,59.0,74.0,47.0,23.0,84.0,53.0,118.0,0.0,541.0
2007,Karnataka,Chitradurga,0.0,0.0,2.0,21.1,74.9,118.9,71.3,75.9,153.3,170.3,9.7,2.6,700.0
2008,Karnataka,Chitradurga,0.0,0.0,1.0,32.0,81.0,40.0,63.0,123.0,128.0,98.0,21.0,0.0,474.0
2009,Karnataka,Chitradurga,0.0,0.0,8.1,5.8,148.3,61.8,55.3,152.4,226.0,99.4,0.0,0.0,757.1
2010,Karnataka,Chitradurga,6.0,1.0,1.0,80.0,130.0,45.0,107.0,164.0,70.0,82.0,207.0,0.0,891.0
2011,Karnataka,Chitradurga,0.0,0.0,0.0,50.0,49.0,44.0,33.0,47.0,20.0,106.0,14.0,0.0,363.0
2012,Karnataka,Chitradurga,0.0,0.0,0.0,131.4,44.3,20.3,40.7,139.9,61.6,35.0,102.0,0.4,575.6
2013,Karnataka,Chitradurga,0.0,4.7,2.8,16.3,110.4,86.8,77.9,57.9,167.8,55.5,3.6,0.1,583.8
2014,Karnataka,Chitradurga,0.3,1.4,18.7,53.9,142.4,55.9,96.9,179.7,82.6,177.5,35.6,11.4,856.3
2015,Karnataka,Chitradurga,0.4,0.0,18.1,34.4,106.6,74.7,42.5,84.8,152.6,120.3,54.6,1.2,690.2
2003,Karnataka,Bellary,-1.0,-1.0,-1.0,16.0,0.0,28.0,58.0,136.0,30.0,126.0,4.0,0.0,-1.0
2004,Karnataka,Bellary,0.0,0.0,5.0,44.0,70.0,96.0,102.0,45.0,156.0,70.0,1.0,0.0,589.0
2005,Karnataka,Bellary,0.0,0.0,3.0,41.0,75.0,70.0,178.0,122.0,90.0,138.0,6.0,0.0,723.0
2006,Karnataka,Bellary,0.0,0.0,28.0,31.0,107.0,270.0,45.0,31.0,145.0,42.0,58.0,0.0,757.0
2007,Karnataka,Bellary,0.0,0.0,2.1,3.2,51.9,143.1,71.3,65.1,225.4,82.0,6.1,0.2,650.4
2008,Karnataka,Bellary,0.0,0.0,1.0,10.0,42.0,29.0,25.0,76.0,138.0,51.0,42.0,0.0,362.0
2009,Karnataka,Bellary,0.0,0.0,6.3,6.7,69.4,76.9,34.9,108.8,266.2,265.2,0.0,0.0,834.4
2010,Karnataka,Bellary,17.0,1.0,2.0,22.0,74.0,45.0,58.0,245.0,55.0,56.0,98.0,0.0,672.0
2011,Karnataka,Bellary,0.0,0.0,1.0,29.0,56.0,66.0,71.0,67.0,23.0,61.0,7.0,0.0,380.0
2012,Karnataka,Bellary,0.0,0.0,0.3,92.9,38.3,21.9,51.1,103.0,75.5,38.3,122.9,0.5,544.7
2013,Karnataka,Bellary,0.0,4.4,1.9,11.3,77.9,94.9,85.0,70.3,127.9,122.3,8.3,0.0,604.2
2014,Karnataka,Bellary,0.0,6.0,27.5,23.9,117.2,86.8,100.2,179.6,91.7,102.5,14.8,45.3,795.5
2015,Karnataka,Bellary,0.7,0.0,16.7,65.8,51.2,69.9,28.3,89.3,179.8,91.0,4.9,0.3,597.9
2003,Karnataka,Dharwad,-1.0,-1.0,-1.0,88.0,13.0,90.0,65.0,42.0,30.0,157.0,2.0,0.0,-1.0
2004,Karnataka,Dharwad,0.0,0.0,0.0,60.0,84.0,133.0,43.0,160.0,125.0,28.0,3.0,0.0,636.0
2005,Karnataka,Dharwad,0.0,0.0,0.0,59.0,89.0,119.0,278.0,120.0,169.0,75.0,23.0,0.0,932.0
2006,Karnataka,Dharwad,0.0,0.0,7.0,18.0,136.0,130.0,129.0,94.0,107.0,41.0,51.0,0.0,713.0
2007,Karnataka,Dharwad,0.0,0.0,7.8,39.3,38.9,164.9,161.7,155.2,198.0,74.7,19.6,0.2,860.3
2008,Karnataka,Dharwad,0.0,0.0,5.0,58.0,52.0,80.0,79.0,169.0,95.0,38.0,68.0,0.0,534.0
2009,Karnataka,Dharwad,0.0,0.0,11.8,22.2,48.0,119.3,190.1,59.2,233.8,107.3,0.0,0.0,791.7
2010,Karnataka,Dharwad,8.0,0.0,3.0,46.0,77.0,97.0,155.0,143.0,115.0,126.0,105.0,0.0,873.0
2011,Karnataka,Dharwad,0.0,6.0,2.0,68.0,62.0,144.0,103.0,123.0,62.0,169.0,5.0,0.0,744.0
2012,Karnataka,Dharwad,0.0,0.0,0.0,45.8,22.6,50.8,79.1,81.7,72.1,65.3,49.1,7.6,474.1
2013,Karnataka,Dharwad,0.4,4.9,11.7,8.5,105.5,86.2,159.6,77.7,160.8,69.2,1.8,0.0,686.3
2014,Karnataka,Dharwad,0.0,5.9,10.3,40.9,166.1,42.5,174.6,188.2,113.2,107.3,39.2,21.4,909.6
2015,Karnataka,Dharwad,0.1,0.0,65.5,30.6,76.9,161.3,49.3,45.8,65.6,93.3,11.0,0.8,600.2
2003,Karnataka,Belgaum,-1.0,-1.0,-1.0,37.0,3.0,98.0,69.0,56.0,36.0,130.0,8.0,0.0,-1.0
2004,Karnataka,Belgaum,0.0,0.0,0.0,24.0,99.0,179.0,54.0,166.0,147.0,66.0,7.0,0.0,742.0
2005,Karnataka,Belgaum,0.0,0.0,0.0,19.0,83.0,179.0,274.0,154.0,208.0,108.0,6.0,0.0,1031.0
2006,Karnataka,Belgaum,0.0,0.0,10.0,4.0,107.0,169.0,214.0,167.0,123.0,35.0,37.0,1.0,867.0
2007,Karnataka,Belgaum,0.0,0.0,0.1,21.7,23.7,275.9,220.2,189.6,165.7,26.1,21.9,0.0,944.9
2008,Karnataka,Belgaum,0.0,0.0,0.0,26.0,29.0,197.0,169.0,299.0,178.0,45.0,32.0,1.0,921.0
2009,Karnataka,Belgaum,0.0,0.0,7.8,12.6,85.3,113.7,391.3,185.1,220.9,199.5,0.0,0.0,1216.2
2010,Karnataka,Belgaum,6.0,2.0,0.0,22.0,10.0,209.0,333.0,208.0,200.0,112.0,88.0,1.0,1190.0
2011,Karnataka,Belgaum,0.0,3.0,1.0,39.0,49.0,262.0,249.0,250.0,172.0,124.0,5.0,0.0,1153.0
2012,Karnataka,Belgaum,0.0,0.0,0.0,53.2,13.0,54.7,113.6,119.6,70.5,92.4,40.0,4.0,561.0
2013,Karnataka,Belgaum,0.2,4.1,3.7,19.0,52.1,128.5,225.3,92.1,170.3,76.6,2.1,0.1,774.1
2014,Karnataka,Belgaum,0.0,4.3,19.3,28.5,104.7,78.3,269.6,199.9,84.4,125.7,42.2,19.9,976.8
2015,Karnataka,Belgaum,0.5,0.0,31.7,23.4,82.7,164.8,56.8,57.9,73.5,81.6,6.4,1.2,580.5
2003,Karnataka,Bijapur / Vijayapura,-1.0,-1.0,-1.0,10.0,0.0,31.0,47.0,69.0,110.0,53.0,0.0,0.0,-1.0
2004,Karnataka,Bijapur / Vijayapura,1.0,0.0,0.0,10.0,0.9,55.0,118.0,27.0,158.0,66.0,0.0,0.0,435.9
2005,Karnataka,Bijapur / Vijayapura,1.0,1.0,0.0,7.0,92.0,61.0,137.0,100.0,123.0,94.0,0.0,0.0,616.0
2006,Karnataka,Bijapur / Vijayapura,0.0,0.0,12.0,5.0,64.0,130.0,19.0,24.0,217.0,73.0,47.0,0.0,591.0
2007,Karnataka,Bijapur / Vijayapura,0.0,0.0,0.0,1.6,18.9,223.7,45.0,116.1,188.3,28.4,4.0,0.0,626.0
2008,Karnataka,Bijapur / Vijayapura,0.0,0.0,1.0,6.0,16.0,19.0,33.0,94.0,148.0,51.0,14.0,0.0,360.0
2009,Karnataka,Bijapur / Vijayapura,0.0,0.0,6.7,5.0,59.9,92.1,20.1,178.1,301.4,253.8,0.0,0.0,917.1
2010,Karnataka,Bijapur / Vijayapura,7.0,3.0,0.0,8.0,25.0,95.0,86.0,165.0,85.0,77.0,35.0,3.0,588.0
2011,Karnataka,Bijapur / Vijayapura,0.0,0.0,0.0,27.0,46.0,43.0,80.0,95.0,30.0,34.0,0.0,0.0,356.0
2012,Karnataka,Bijapur / Vijayapura,0.0,0.0,0.0,26.2,9.1,33.0,80.1,62.0,68.4,123.8,25.3,0.0,427.9
2013,Karnataka,Bijapur / Vijayapura,0.3,2.3,2.0,28.7,21.4,86.9,122.2,51.4,201.3,94.8,1.4,0.0,612.7
2014,Karnataka,Bijapur / Vijayapura,0.0,5.9,38.1,13.3,70.6,32.6,94.7,178.7,85.7,51.6,18.0,7.1,596.3
2015,Karnataka,Bijapur / Vijayapura,1.6,0.0,12.0,38.7,24.0,49.0,7.1,71.8,179.4,61.7,10.1,0.7,456.1
2003,Karnataka,Bidar,-1.0,-1.0,-1.0,10.0,1.0,115.0,205.0,330.0,137.0,27.0,0.0,0.0,-1.0
2004,Karnataka,Bidar,11.0,9.0,7.0,44.0,102.0,63.0,253.0,67.0,128.0,81.0,1.0,0.0,766.0
2005,Karnataka,Bidar,7.0,5.0,1.0,47.0,92.0,65.0,309.0,114.0,241.0,119.0,0.0,3.0,1003.0
2006,Karnataka,Bidar,0.0,0.0,63.0,33.0,46.0,157.0,11.0,192.0,229.0,41.0,3.0,0.0,775.0
2007,Karnataka,Bidar,0.0,0.0,0.0,0.6,25.7,252.7,76.8,161.9,264.0,0.5,15.9,0.0,798.1
2008,Karnataka,Bidar,0.0,0.0,0.0,12.0,8.0,73.0,116.0,234.0,278.0,55.0,1.0,3.0,760.0
2009,Karnataka,Bidar,0.0,0.0,4.9,4.5,10.2,81.5,55.4,193.3,161.9,103.7,0.0,0.0,615.4
2010,Karnataka,Bidar,3.0,14.0,1.0,7.0,15.0,78.0,360.0,312.0,131.0,87.0,32.0,0.0,1040.0
2011,Karnataka,Bidar,0.0,4.0,1.0,35.0,23.0,50.0,271.0,234.0,67.0,33.0,0.0,0.0,719.0
2012,Karnataka,Bidar,0.6,0.3,0.0,29.7,14.2,149.4,183.0,126.2,127.8,101.5,29.8,0.0,762.5
2013,Karnataka,Bidar,1.7,11.7,0.9,35.0,19.7,133.2,353.0,107.9,182.2,114.2,29.2,0.1,988.8
2014,Karnataka,Bidar,0.0,6.4,67.7,12.9,41.1,52.5,114.7,197.6,93.4,24.3,21.0,11.5,643.1
2015,Karnataka,Bidar,8.4,0.0,52.7,88.6,26.8,88.1,61.8,99.7,179.0,51.9,0.0,2.6,659.6
2003,Karnataka,Raichur,-1.0,-1.0,-1.0,5.0,0.0,67.0,165.0,99.0,85.0,77.0,1.0,4.0,-1.0
2004,Karnataka,Raichur,9.0,0.0,0.0,32.0,112.0,58.0,98.0,22.0,154.0,86.0,2.0,0.0,573.0
2005,Karnataka,Raichur,3.0,0.0,2.0,30.0,98.0,36.0,165.0,126.0,153.0,212.0,2.0,0.0,827.0
2006,Karnataka,Raichur,0.0,0.0,104.0,16.0,68.0,78.0,21.0,26.0,169.0,43.0,38.0,0.0,563.0
2007,Karnataka,Raichur,0.0,0.0,0.0,17.0,37.8,253.1,56.0,76.3,204.4,58.3,4.9,0.0,707.8
2008,Karnataka,Raichur,0.0,0.0,1.0,23.0,52.0,16.0,41.0,91.0,133.0,48.0,17.0,1.0,348.0
2009,Karnataka,Raichur,0.0,0.0,2.7,3.8,45.1,67.0,13.4,128.0,220.5,698.1,0.0,0.0,1178.6
2010,Karnataka,Raichur,13.0,0.0,0.0,4.0,25.0,96.0,138.0,230.0,72.0,45.0,30.0,1.0,653.0
2011,Karnataka,Raichur,0.0,0.0,0.0,16.0,23.0,58.0,92.0,96.0,37.0,35.0,0.0,0.0,358.0
2012,Karnataka,Raichur,0.0,0.0,0.0,31.2,9.3,24.9,87.3,77.1,89.9,45.2,46.9,0.1,411.9
2013,Karnataka,Raichur,0.0,14.3,0.0,19.8,53.7,105.8,125.1,90.2,220.7,123.6,3.9,0.0,757.1
2014,Karnataka,Raichur,0.0,2.6,27.6,17.6,95.0,32.4,62.6,249.4,91.2,61.5,3.5,8.1,651.5
2015,Karnataka,Raichur,2.8,0.0,15.5,69.4,28.7,25.1,33.0,60.0,270.4,57.9,3.1,2.3,568.2
2003,Karnataka,Gulbarga / Kalaburagi,-1.0,-1.0,-1.0,7.0,0.0,57.0,137.0,167.0,127.0,31.0,0.0,0.0,-1.0
2004,Karnataka,Gulbarga / Kalaburagi,9.0,0.0,1.0,38.0,118.0,59.0,138.0,33.0,147.0,79.0,4.0,0.0,626.0
2005,Karnataka,Gulbarga / Kalaburagi,5.0,0.0,0.0,20.0,99.0,59.0,204.0,150.0,219.0,120.0,1.0,0.0,877.0
2006,Karnataka,Gulbarga / Kalaburagi,0.0,0.0,27.0,27.0,73.0,104.0,50.0,58.0,169.0,54.0,31.0,0.0,593.0
2007,Karnataka,Gulbarga / Kalaburagi,0.0,0.0,0.3,5.5,23.9,237.3,84.5,149.3,234.5,14.7,14.1,0.1,764.2
2008,Karnataka,Gulbarga / Kalaburagi,0.0,0.0,0.0,16.0,27.0,45.0,103.0,149.0,161.0,62.0,13.0,2.0,535.0
2009,Karnataka,Gulbarga / Kalaburagi,0.0,0.0,7.5,7.7,30.4,98.8,45.0,198.9,293.2,180.1,0.0,0.0,861.6
2010,Karnataka,Gulbarga / Kalaburagi,2.0,4.0,0.0,7.0,19.0,93.0,243.0,242.0,152.0,82.0,36.0,0.0,881.0
2011,Karnataka,Gulbarga / Kalaburagi,0.0,10.0,1.0,26.0,27.0,50.0,198.0,182.0,43.0,57.0,1.0,0.0,593.0
2012,Karnataka,Gulbarga / Kalaburagi,0.2,0.0,0.0,48.5,15.7,97.5,143.8,135.8,98.9,108.7,18.6,0.0,667.7
2013,Karnataka,Gulbarga / Kalaburagi,0.0,12.1,2.6,25.8,40.3,112.7,192.9,77.0,294.7,74.8,5.7,0.3,838.9
2014,Karnataka,Gulbarga / Kalaburagi,0.0,4.7,34.5,31.6,77.0,42.6,104.1,237.9,125.6,38.3,31.0,8.3,735.6
2015,Karnataka,Gulbarga / Kalaburagi,5.3,0.0,35.5,94.1,16.5,58.7,61.8,117.2,169.6,32.2,0.5,3.9,595.3
2003,Karnataka,Dakshina Kannada,-1.0,-1.0,-1.0,82.0,21.0,1147.0,1005.0,748.0,177.0,231.0,31.0,0.0,-1.0
2004,Karnataka,Dakshina Kannada,1.0,0.0,16.0,23.0,525.0,849.0,774.0,773.0,160.0,142.0,140.0,0.0,3403.0
2005,Karnataka,Dakshina Kannada,0.0,0.0,16.0,46.0,484.0,969.0,1076.0,654.0,343.0,213.0,26.0,3.0,3830.0
2006,Karnataka,Dakshina Kannada,0.0,0.0,6.0,1.0,625.0,848.0,982.0,685.0,440.0,308.0,139.0,0.0,4034.0
2007,Karnataka,Dakshina Kannada,0.0,0.2,0.2,32.2,93.2,1058.9,994.5,834.1,777.1,222.3,62.9,0.4,4076.0
2008,Karnataka,Dakshina Kannada,0.0,0.0,0.0,53.0,95.0,975.0,815.0,803.0,367.0,190.0,31.0,9.0,3190.0
2009,Karnataka,Dakshina Kannada,0.0,0.0,31.8,29.9,182.2,500.7,1669.3,616.6,580.5,204.9,0.0,0.0,3815.9
2010,Karnataka,Dakshina Kannada,16.0,1.0,4.0,85.0,151.0,826.0,1271.0,785.0,536.0,424.0,351.0,20.0,4471.0
2011,Karnataka,Dakshina Kannada,1.0,1.0,5.0,90.0,88.0,1046.0,1088.0,976.0,530.0,287.0,156.0,4.0,4293.0
2012,Karnataka,Dakshina Kannada,0.0,0.3,1.1,113.0,37.4,749.9,680.8,1127.3,423.8,150.2,90.1,0.9,3374.8
2013,Karnataka,Dakshina Kannada,0.7,25.3,32.5,33.5,102.5,1228.1,1445.5,653.5,379.7,288.3,78.2,16.8,4284.6
2014,Karnataka,Dakshina Kannada,0.0,0.5,1.5,56.3,220.4,496.5,1128.8,1056.9,402.3,254.4,51.0,35.5,3704.1
2015,Karnataka,Dakshina Kannada,1.6,1.8,33.5,96.3,188.8,732.3,1013.1,602.5,214.6,252.1,128.5,24.2,3289.3
2003,Karnataka,Uttara Kannada,-1.0,-1.0,-1.0,28.0,6.0,851.0,868.0,480.0,209.0,165.0,3.0,0.0,-1.0
2004,Karnataka,Uttara Kannada,0.0,0.0,0.0,17.0,280.0,699.0,529.0,733.0,163.0,85.0,30.0,0.0,2536.0
2005,Karnataka,Uttara Kannada,0.0,0.0,0.0,15.0,174.0,728.0,1115.0,495.0,373.0,153.0,4.0,0.0,3057.0
2006,Karnataka,Uttara Kannada,0.0,0.0,9.0,1.0,308.0,744.0,834.0,659.0,419.0,222.0,44.0,0.0,3240.0
2007,Karnataka,Uttara Kannada,0.0,0.1,1.9,27.8,62.9,949.7,810.5,935.8,549.6,124.4,28.4,0.4,3491.5
2008,Karnataka,Uttara Kannada,0.0,0.0,1.0,39.0,34.0,704.0,584.0,903.0,331.0,35.0,13.0,3.0,2574.0
2009,Karnataka,Uttara Kannada,0.0,0.0,27.6,16.4,83.1,428.0,1412.6,365.7,503.2,267.1,0.0,0.0,3103.7
2010,Karnataka,Uttara Kannada,13.0,0.0,4.0,43.0,48.0,525.0,1008.0,491.0,400.0,177.0,167.0,3.0,2879.0
2011,Karnataka,Uttara Kannada,0.0,1.0,2.0,55.0,28.0,877.0,943.0,701.0,476.0,118.0,38.0,0.0,3237.0
2012,Karnataka,Uttara Kannada,0.0,0.0,0.2,55.0,6.8,675.2,790.8,955.9,346.8,144.1,59.3,0.8,3034.9
2013,Karnataka,Uttara Kannada,4.5,12.4,1.6,12.0,73.3,854.8,1518.1,611.8,350.1,195.7,14.3,0.6,3649.2
2014,Karnataka,Uttara Kannada,0.0,0.0,3.9,25.8,134.1,447.4,1172.5,1005.1,301.9,148.1,25.7,25.3,3289.8
2015,Karnataka,Uttara Kannada,1.7,0.0,27.4,22.8,94.4,664.5,482.1,423.4,257.1,105.0,57.1,0.2,2135.7
2003,Karnataka,Kodagu / Coorg,-1.0,-1.0,-1.0,72.0,5.0,426.0,594.0,504.0,107.0,210.0,10.0,0.0,1928.0
2004,Karnataka,Kodagu / Coorg,0.0,0.0,17.0,107.0,298.0,680.0,621.0,747.0,78.0,185.0,54.0,0.0,2787.0
2005,Karnataka,Kodagu / Coorg,0.0,0.0,32.0,98.0,343.0,437.0,1120.0,660.0,376.0,191.0,69.0,1.0,3327.0
2006,Karnataka,Kodagu / Coorg,0.0,0.0,79.0,25.0,431.0,457.0,831.0,539.0,302.0,162.0,102.0,4.0,2932.0
2007,Karnataka,Kodagu / Coorg,0.0,0.0,5.6,37.0,53.6,826.0,1276.2,884.7,442.6,176.0,54.4,4.0,3760.1
2008,Karnataka,Kodagu / Coorg,0.0,0.0,3.0,86.0,84.0,518.0,581.0,583.0,218.0,200.0,11.0,2.0,2116.0
2009,Karnataka,Kodagu / Coorg,0.0,0.0,88.2,46.4,74.3,219.1,1318.1,271.3,337.8,145.7,0.0,0.0,2500.9
2010,Karnataka,Kodagu / Coorg,15.0,3.0,11.0,74.0,106.0,394.0,729.0,489.0,295.0,278.0,250.0,1.0,2647.0
2011,Karnataka,Kodagu / Coorg,3.0,10.0,13.0,137.0,94.0,743.0,721.0,625.0,390.0,229.0,114.0,0.0,3077.0
2012,Karnataka,Kodagu / Coorg,0.5,2.2,7.2,154.9,34.6,273.3,363.7,531.0,238.6,98.2,94.9,8.6,1807.7
2013,Karnataka,Kodagu / Coorg,0.0,22.5,84.3,20.1,105.6,711.0,1169.7,488.8,238.9,159.7,28.2,2.5,3031.3
2014,Karnataka,Kodagu / Coorg,3.3,0.6,7.1,83.3,210.0,282.6,945.8,589.6,354.2,108.2,20.6,24.7,2630.0
2015,Karnataka,Kodagu / Coorg,0.2,4.3,37.1,139.5,184.0,922.1,403.0,308.8,250.0,124.9,102.0,10.7,2486.6
2012,Tamil Nadu,Chengalpattu Mgr / Kanchipuram,7.9,0.0,0.0,0.1,5.9,31.6,75.1,141.9,93.8,318.4,95.3,132.6,902.6
2013,Tamil Nadu,Chengalpattu Mgr / Kanchipuram,0.0,24.3,13.7,0.0,16.7,73.8,135.3,153.3,172.8,137.1,116.9,61.4,905.3
2014,Tamil Nadu,Chengalpattu Mgr / Kanchipuram,0.5,3.4,0.0,0.0,35.7,117.6,50.9,130.9,130.6,196.3,135.0,106.9,907.8
2015,Tamil Nadu,Chengalpattu Mgr / Kanchipuram,1.7,0.0,0.0,49.5,45.4,32.2,102.2,140.4,70.3,179.8,1061.3,574.0,2256.8
2003,Tamil Nadu,South Arcot / Cuddalore,0.0,0.0,0.2,21.5,70.8,30.4,84.3,224.8,94.5,304.4,446.7,28.1,1305.7
2004,Tamil Nadu,South Arcot / Cuddalore,21.6,0.0,7.5,0.4,250.1,81.4,27.6,75.1,253.8,503.1,389.1,16.3,1626.0
2005,Tamil Nadu,South Arcot / Cuddalore,1.5,7.9,1.6,129.3,75.2,2.2,41.0,79.6,217.5,260.4,824.3,261.4,1901.9
2006,Tamil Nadu,South Arcot / Cuddalore,29.7,0.0,9.7,6.6,50.4,54.6,38.0,51.9,102.0,471.5,407.1,128.7,1350.2
2007,Tamil Nadu,South Arcot / Cuddalore,0.0,11.5,0.0,17.8,24.9,17.8,104.1,143.3,65.3,422.0,87.9,327.8,1222.4
2008,Tamil Nadu,South Arcot / Cuddalore,73.3,28.0,272.5,3.9,41.8,50.4,59.0,92.7,78.7,257.4,728.0,151.1,1836.8
2009,Tamil Nadu,South Arcot / Cuddalore,20.2,0.0,69.1,36.6,21.3,39.0,61.4,125.4,105.9,54.3,372.5,163.1,1068.8
2010,Tamil Nadu,South Arcot / Cuddalore,2.3,0.0,0.0,0.6,137.5,68.5,36.3,149.9,108.2,145.4,553.3,345.0,1547.0
2011,Tamil Nadu,South Arcot / Cuddalore,45.2,24.8,0.0,105.2,15.4,-1.0,-1.0,-1.0,-1.0,-1.0,-1.0,-1.0,-1.0
2012,Tamil Nadu,South Arcot / Cuddalore,5.6,0.0,5.1,14.8,24.0,2.4,55.4,78.6,109.1,479.6,94.3,13.9,882.8
2013,Tamil Nadu,South Arcot / Cuddalore,0.1,21.2,28.8,0.1,30.5,51.7,38.1,239.2,125.4,114.8,236.7,91.1,977.7
2014,Tamil Nadu,South Arcot / Cuddalore,1.9,13.7,0.0,0.0,174.1,52.4,41.6,169.2,69.5,309.7,238.0,147.8,1217.9
2015,Tamil Nadu,South Arcot / Cuddalore,14.7,0.0,0.4,64.1,95.7,72.2,83.3,88.1,46.7,99.1,726.4,415.0,1705.7
2003,Tamil Nadu,North Arcot / Vellore,0.0,0.0,31.2,15.0,18.8,69.8,261.8,151.8,99.5,199.7,28.4,14.3,890.3
2004,Tamil Nadu,North Arcot / Vellore,1.7,0.0,0.8,22.5,259.6,40.7,118.7,15.1,204.8,136.6,103.1,0.7,904.3
2005,Tamil Nadu,North Arcot / Vellore,0.0,15.0,12.3,88.6,80.5,72.8,89.1,108.4,168.9,3533.0,191.3,148.1,4508.0
2006,Tamil Nadu,North Arcot / Vellore,32.0,0.0,34.8,26.1,55.3,121.2,34.4,75.5,196.6,162.0,109.6,37.1,884.6
2007,Tamil Nadu,North Arcot / Vellore,0.0,1.0,0.0,59.9,64.4,85.5,186.0,183.8,124.2,159.1,65.3,216.7,1145.9
2008,Tamil Nadu,North Arcot / Vellore,11.4,2.9,66.9,10.6,83.3,44.5,70.6,87.0,110.2,115.7,247.7,7.1,857.9
2009,Tamil Nadu,North Arcot / Vellore,2.4,0.0,1.2,10.8,71.1,44.4,65.0,121.1,121.6,73.0,437.5,148.7,1096.8
2010,Tamil Nadu,North Arcot / Vellore,11.4,0.0,0.0,0.0,74.2,116.8,123.3,99.7,117.0,88.9,234.0,87.8,953.1
2011,Tamil Nadu,North Arcot / Vellore,0.0,34.4,0.0,66.4,43.6,-1.0,-1.0,-1.0,-1.0,-1.0,-1.0,-1.0,-1.0
2012,Tamil Nadu,North Arcot / Vellore,3.4,0.0,0.6,10.0,44.0,49.4,130.1,120.6,74.0,195.5,124.1,58.2,809.9
2013,Tamil Nadu,North Arcot / Vellore,0.0,20.9,25.0,16.6,70.4,82.0,54.0,127.3,191.8,145.0,55.8,3.8,792.6
2014,Tamil Nadu,North Arcot / Vellore,0.1,4.7,5.6,0.5,91.3,94.3,69.3,94.0,142.4,108.1,51.8,23.6,685.7
2015,Tamil Nadu,North Arcot / Vellore,1.3,0.3,10.5,92.5,62.7,103.2,56.6,153.3,131.5,140.2,524.1,83.0,1359.2
2003,Tamil Nadu,Salem,0.0,1.7,45.5,46.8,90.4,72.1,88.7,209.3,61.1,260.9,82.4,17.6,976.5
2004,Tamil Nadu,Salem,0.0,0.0,0.3,46.0,344.4,47.4,107.4,38.3,141.6,196.1,82.4,0.0,1003.9
2005,Tamil Nadu,Salem,0.0,2.2,16.3,125.1,57.2,36.5,82.1,154.6,134.9,282.0,260.6,64.5,1216.0
2006,Tamil Nadu,Salem,43.0,0.0,37.0,30.3,86.2,46.5,30.0,102.1,192.7,191.5,142.3,13.6,915.2
2007,Tamil Nadu,Salem,0.1,0.5,0.0,59.8,28.8,30.3,114.1,205.3,138.3,171.9,46.6,157.1,952.8
2008,Tamil Nadu,Salem,4.6,10.4,99.4,35.5,132.2,53.1,95.8,244.9,72.5,148.8,197.0,13.2,1107.4
2009,Tamil Nadu,Salem,2.3,0.0,16.9,42.4,130.4,12.3,46.7,92.0,241.0,55.9,287.3,93.2,1020.4
2010,Tamil Nadu,Salem,5.1,0.0,0.0,0.0,124.2,124.5,111.9,202.8,106.6,165.0,328.7,70.5,1239.3
2011,Tamil Nadu,Salem,2.4,6.3,20.5,144.1,46.8,-1.0,-1.0,-1.0,-1.0,-1.0,-1.0,-1.0,-1.0
2012,Tamil Nadu,Salem,0.0,0.0,0.0,36.1,79.2,52.4,99.4,144.6,144.6,198.3,62.0,14.9,831.5
2013,Tamil Nadu,Salem,0.0,13.0,1.2,38.1,30.8,84.8,45.2,141.2,221.0,123.4,89.6,42.6,830.9
2014,Tamil Nadu,Salem,0.0,1.1,6.8,5.1,142.2,80.1,22.2,122.7,144.8,253.3,53.9,25.5,857.7
2015,Tamil Nadu,Salem,17.5,4.5,30.0,143.3,103.7,80.3,31.9,104.0,132.1,152.2,276.5,59.3,1135.3
2003,Tamil Nadu,Coimbatore,0.0,12.8,131.4,55.9,19.9,22.8,17.7,33.8,15.8,187.8,109.4,8.2,615.5
2004,Tamil Nadu,Coimbatore,16.4,0.3,3.7,57.9,140.4,27.2,42.8,34.8,128.5,153.5,106.3,0.4,712.2
2005,Tamil Nadu,Coimbatore,7.7,20.7,45.6,119.8,131.1,25.7,76.6,39.0,363.0,242.1,202.1,61.5,1334.9
2006,Tamil Nadu,Coimbatore,17.7,0.0,55.8,40.2,66.1,31.6,22.3,27.1,60.5,133.6,308.8,1.9,765.6
2007,Tamil Nadu,Coimbatore,5.2,5.9,0.0,56.9,71.5,36.8,39.1,77.1,51.3,197.6,51.0,129.4,721.8
2008,Tamil Nadu,Coimbatore,3.6,21.4,112.1,28.4,50.3,145.1,212.8,207.6,129.5,240.4,54.5,17.3,1223.0
2009,Tamil Nadu,Coimbatore,1.3,0.0,46.2,28.7,82.4,40.3,12.7,120.6,283.8,35.1,155.4,41.4,847.9
2010,Tamil Nadu,Coimbatore,1.8,0.0,1.9,58.9,168.6,34.1,40.0,55.3,58.6,168.7,234.2,34.1,856.2
2011,Tamil Nadu,Coimbatore,0.0,82.9,8.5,140.6,45.5,-1.0,-1.0,-1.0,-1.0,-1.0,-1.0,-1.0,-1.0
2012,Tamil Nadu,Coimbatore,1.8,0.8,0.1,68.9,47.0,41.8,48.3,44.1,28.2,229.6,42.5,6.4,559.5
2013,Tamil Nadu,Coimbatore,0.0,57.8,19.1,54.2,47.9,154.4,126.2,93.3,87.5,160.4,70.6,26.9,898.3
2014,Tamil Nadu,Coimbatore,1.2,3.9,20.2,19.6,101.2,112.5,229.8,249.0,172.9,258.7,16.5,36.4,1221.9
2015,Tamil Nadu,Coimbatore,0.0,0.0,27.3,129.8,185.2,104.6,52.2,60.3,92.3,113.1,193.1,34.9,992.8
2003,Tamil Nadu,Tiruchirapalli / Trichy,0.7,0.0,23.5,19.5,84.6,34.0,52.5,167.0,116.5,217.4,181.5,13.7,910.9
2004,Tamil Nadu,Tiruchirapalli / Trichy,1.8,0.0,0.0,7.1,272.0,19.7,88.3,6.3,243.4,225.1,138.9,0.9,1003.5
2005,Tamil Nadu,Tiruchirapalli / Trichy,0.2,0.7,20.8,126.4,93.8,2.9,80.0,72.2,89.8,330.0,376.3,152.3,1345.4
2006,Tamil Nadu,Tiruchirapalli / Trichy,11.4,0.0,41.4,31.8,79.0,31.5,0.6,104.9,156.0,166.3,126.4,11.2,760.5
2007,Tamil Nadu,Tiruchirapalli / Trichy,0.0,1.0,0.0,46.2,83.4,50.8,36.1,140.2,36.7,179.4,47.4,259.9,881.1
2008,Tamil Nadu,Tiruchirapalli / Trichy,8.4,22.0,111.2,15.6,66.9,4.0,108.0,85.2,61.9,168.6,353.3,53.7,1058.8
2009,Tamil Nadu,Tiruchirapalli / Trichy,7.6,0.0,3.6,19.2,28.8,21.1,8.4,109.4,92.4,32.4,269.0,83.9,675.8
2010,Tamil Nadu,Tiruchirapalli / Trichy,7.5,0.0,0.0,1.7,131.5,62.3,46.0,81.0,124.5,128.1,282.2,97.9,962.7
2011,Tamil Nadu,Tiruchirapalli / Trichy,1.9,3.2,2.9,78.1,16.7,-1.0,-1.0,-1.0,-1.0,-1.0,-1.0,-1.0,-1.0
2012,Tamil Nadu,Tiruchirapalli / Trichy,7.9,8.3,35.9,28.0,8.9,0.0,0.0,0.4,0.0,198.0,99.0,33.4,419.8
2013,Tamil Nadu,Tiruchirapalli / Trichy,0.8,5.7,14.4,1.6,42.2,5.4,1.3,83.3,117.9,85.5,127.1,37.7,522.9
2014,Tamil Nadu,Tiruchirapalli / Trichy,0.0,4.0,0.1,1.2,128.8,13.3,13.4,65.7,50.3,143.5,76.3,39.3,535.9
2015,Tamil Nadu,Tiruchirapalli / Trichy,10.2,2.0,0.4,103.8,107.5,24.9,13.1,56.4,102.9,169.9,209.8,63.5,864.4
2003,Tamil Nadu,Thanjavur,0.0,0.0,4.4,23.8,37.9,30.1,75.1,219.3,39.8,167.1,285.2,11.1,893.8
2004,Tamil Nadu,Thanjavur,3.9,0.1,1.8,8.7,301.1,16.1,46.4,57.2,234.7,394.7,223.7,20.9,1309.3
2005,Tamil Nadu,Thanjavur,0.6,2.0,9.7,93.4,102.2,7.5,52.6,92.1,150.9,242.3,508.5,202.4,1464.2
2006,Tamil Nadu,Thanjavur,11.0,0.0,39.0,28.8,65.0,30.2,1.8,70.5,150.3,222.1,185.2,37.8,841.7
2007,Tamil Nadu,Thanjavur,0.5,9.0,0.0,57.7,46.0,29.1,36.5,152.7,68.7,278.6,62.5,326.3,1067.6
2008,Tamil Nadu,Thanjavur,6.1,17.3,140.0,3.6,11.1,23.4,58.0,134.9,39.1,184.1,723.8,107.4,1448.8
2009,Tamil Nadu,Thanjavur,19.4,0.0,18.6,55.4,23.2,5.0,10.7,137.0,72.1,65.8,507.9,381.6,1296.7
2010,Tamil Nadu,Thanjavur,39.7,0.0,0.0,2.5,103.5,44.6,39.9,144.2,162.3,209.3,398.7,229.1,1373.8
2011,Tamil Nadu,Thanjavur,18.8,15.8,0.0,88.8,6.5,-1.0,-1.0,-1.0,-1.0,-1.0,-1.0,-1.0,-1.0
2012,Tamil Nadu,Thanjavur,2.1,0.8,7.3,9.6,13.0,12.6,31.6,80.5,88.6,334.0,86.4,19.0,685.5
2013,Tamil Nadu,Thanjavur,14.5,14.8,53.5,0.8,20.7,24.6,11.5,146.5,117.0,94.2,131.4,86.2,715.7
2014,Tamil Nadu,Thanjavur,4.2,10.5,0.0,0.1,131.0,7.5,51.7,115.9,40.6,233.0,175.6,140.5,910.6
2015,Tamil Nadu,Thanjavur,1.8,0.0,6.9,91.9,99.2,28.7,47.1,78.4,55.4,153.1,328.7,212.6,1103.8
2003,Tamil Nadu,Madurai,0.0,0.8,25.1,70.2,57.8,24.1,81.5,129.6,104.2,224.5,96.0,2.8,816.6
2004,Tamil Nadu,Madurai,5.5,0.0,20.2,38.6,156.7,36.4,60.1,19.8,227.4,226.6,116.5,4.6,912.4
2005,Tamil Nadu,Madurai,1.5,3.4,46.1,138.6,128.9,8.4,70.6,95.4,76.0,280.7,319.2,89.5,1258.3
2006,Tamil Nadu,Madurai,8.0,0.0,120.7,66.0,43.3,9.0,0.1,51.1,84.0,265.1,160.0,7.4,814.7
2007,Tamil Nadu,Madurai,8.2,1.9,0.0,38.2,43.0,51.7,8.8,117.8,24.5,181.4,84.4,206.7,766.6
2008,Tamil Nadu,Madurai,0.6,20.1,180.3,27.2,71.0,35.8,57.4,182.7,34.9,252.1,120.4,15.7,998.2
2009,Tamil Nadu,Madurai,8.1,0.0,55.5,42.8,74.7,42.3,103.7,42.7,81.9,80.0,274.7,27.8,834.2
2010,Tamil Nadu,Madurai,4.8,0.0,1.1,67.6,94.8,55.1,48.0,44.7,153.8,220.3,395.2,140.5,1225.9
2011,Tamil Nadu,Madurai,1.6,37.2,5.6,92.0,54.1,-1.0,-1.0,-1.0,-1.0,-1.0,-1.0,-1.0,-1.0
2012,Tamil Nadu,Madurai,10.8,0.0,0.0,49.9,79.0,5.9,28.2,61.6,91.8,182.3,35.5,3.4,548.4
2013,Tamil Nadu,Madurai,1.2,42.4,50.1,21.4,38.7,21.3,4.4,111.8,52.4,193.9,27.3,45.3,610.2
2014,Tamil Nadu,Madurai,6.1,0.0,0.4,3.5,183.5,32.5,16.0,105.0,73.7,213.3,85.0,25.2,744.2
2015,Tamil Nadu,Madurai,11.9,0.0,17.9,158.7,137.0,44.2,21.9,69.6,128.1,79.2,274.9,59.1,1002.5
2003,Tamil Nadu,Ramananthapuram,4.1,10.4,21.8,74.9,51.2,22.4,28.7,45.9,21.6,128.0,284.0,16.2,709.2
2004,Tamil Nadu,Ramananthapuram,0.3,12.1,3.2,20.5,140.3,6.3,37.4,5.6,180.2,363.7,250.4,96.7,1116.7
2005,Tamil Nadu,Ramananthapuram,11.8,25.8,14.1,261.3,60.6,23.0,48.4,12.9,51.7,267.0,254.0,244.2,1274.8
2006,Tamil Nadu,Ramananthapuram,23.8,0.1,865.0,22.4,10.8,5.5,1.4,23.9,46.8,368.8,251.8,14.2,1634.5
2007,Tamil Nadu,Ramananthapuram,52.0,21.8,0.3,33.2,19.9,25.1,32.9,54.2,38.3,230.2,72.2,207.7,787.8
2008,Tamil Nadu,Ramananthapuram,9.2,56.6,376.6,55.7,0.0,19.9,31.2,75.4,19.1,329.4,311.7,193.1,1477.9
2009,Tamil Nadu,Ramananthapuram,18.8,0.0,24.1,102.1,11.2,1.7,0.0,16.5,60.1,38.8,264.1,28.2,565.6
2010,Tamil Nadu,Ramananthapuram,0.1,0.0,0.0,20.6,73.1,17.9,44.3,88.6,123.3,192.5,390.1,154.1,1104.6
2011,Tamil Nadu,Ramananthapuram,16.6,15.4,2.0,63.0,7.2,-1.0,-1.0,-1.0,-1.0,-1.0,-1.0,-1.0,-1.0
2012,Tamil Nadu,Ramananthapuram,5.0,2.2,4.9,31.6,10.0,0.0,16.2,27.4,57.2,279.7,53.6,48.7,536.5
2013,Tamil Nadu,Ramananthapuram,28.9,66.6,54.8,12.5,10.9,7.1,6.8,44.8,14.4,85.1,120.3,127.7,579.9
2014,Tamil Nadu,Ramananthapuram,40.0,15.7,0.0,3.2,180.6,0.0,0.2,38.1,46.5,297.2,239.6,74.6,935.7
2015,Tamil Nadu,Ramananthapuram,1.3,2.5,22.6,149.0,113.9,3.2,23.4,60.5,68.8,131.6,269.7,172.4,1018.9
2003,Tamil Nadu,Thirunelveli,0.6,71.3,64.4,89.5,25.2,118.0,17.5,13.6,6.8,190.7,303.2,59.5,960.3
2004,Tamil Nadu,Thirunelveli,34.3,14.3,6.1,85.9,128.2,64.6,10.0,28.8,105.3,238.8,293.1,35.4,1044.8
2005,Tamil Nadu,Thirunelveli,5.6,23.5,70.0,204.7,22.3,18.0,82.5,17.8,29.5,76.0,265.8,206.9,1022.6
2006,Tamil Nadu,Thirunelveli,69.2,3.2,120.7,28.6,34.9,26.4,26.7,25.4,44.0,382.9,393.9,21.1,1177.0
2007,Tamil Nadu,Thirunelveli,19.8,0.1,7.5,119.7,9.1,94.2,48.0,31.0,84.4,152.3,161.2,113.0,840.3
2008,Tamil Nadu,Thirunelveli,9.4,58.2,400.5,106.4,2.9,11.0,38.9,74.0,21.3,315.3,171.3,77.5,1286.7
2009,Tamil Nadu,Thirunelveli,8.2,0.0,28.2,69.9,25.8,1.2,0.7,18.7,33.9,56.0,386.6,47.9,677.1
2010,Tamil Nadu,Thirunelveli,23.3,0.0,0.0,18.9,47.5,26.0,63.4,15.6,84.6,111.9,291.7,152.2,835.1
2011,Tamil Nadu,Thirunelveli,21.9,52.6,44.7,78.0,5.0,-1.0,-1.0,-1.0,-1.0,-1.0,-1.0,-1.0,-1.0
2012,Tamil Nadu,Thirunelveli,40.8,29.9,30.4,61.8,8.5,1.0,16.0,12.6,7.3,302.7,139.1,74.0,724.1
2013,Tamil Nadu,Thirunelveli,2.1,96.8,119.4,24.8,25.5,111.8,50.5,29.2,45.5,57.5,263.8,91.5,918.4
2014,Tamil Nadu,Thirunelveli,60.8,9.6,58.0,39.4,216.7,8.5,14.1,56.7,39.5,393.4,294.2,159.9,1350.8
2015,Tamil Nadu,Thirunelveli,4.9,14.6,76.1,139.0,102.8,59.5,14.2,10.3,74.8,247.9,522.0,281.6,1547.7
2003,Tamil Nadu,The Nilgiris,0.0,20.4,109.2,66.0,27.8,160.1,205.5,152.6,58.8,295.0,164.0,12.3,1271.7
2004,Tamil Nadu,The Nilgiris,32.9,16.3,3.6,65.9,358.4,341.9,109.5,221.1,271.2,326.6,236.5,1.6,1985.5
2005,Tamil Nadu,The Nilgiris,20.6,4.5,29.9,197.2,80.6,146.5,451.1,229.5,205.4,239.6,264.4,532.0,2401.3
2006,Tamil Nadu,The Nilgiris,23.8,0.0,75.6,66.4,182.7,195.6,155.1,139.1,164.1,351.4,271.1,33.6,1658.5
2007,Tamil Nadu,The Nilgiris,7.8,28.1,6.4,68.4,104.0,333.0,280.4,319.0,210.2,256.4,78.3,180.8,1872.8
2008,Tamil Nadu,The Nilgiris,5.0,188.6,286.9,52.2,99.7,294.7,353.8,292.2,127.2,423.9,55.3,37.1,2216.6
2009,Tamil Nadu,The Nilgiris,1.7,0.0,98.2,45.8,142.5,8.3,0.0,95.3,67.3,16.6,354.7,214.0,1044.4
2010,Tamil Nadu,The Nilgiris,13.0,0.0,0.0,0.0,54.5,271.3,373.1,336.0,231.3,237.1,307.7,65.1,1889.1
2011,Tamil Nadu,The Nilgiris,7.9,59.1,12.6,143.6,71.8,-1.0,-1.0,-1.0,-1.0,-1.0,-1.0,-1.0,-1.0
2012,Tamil Nadu,The Nilgiris,18.0,0.6,9.1,70.8,55.4,183.1,181.1,266.8,230.5,326.2,104.8,21.2,1467.6
2013,Tamil Nadu,The Nilgiris,0.9,16.9,57.9,74.1,114.0,203.9,288.7,177.2,202.5,215.2,126.5,56.4,1534.2
2014,Tamil Nadu,The Nilgiris,1.3,39.8,32.5,35.6,253.7,97.1,328.6,295.7,291.9,348.7,137.4,94.8,1957.1
2015,Tamil Nadu,The Nilgiris,1.2,0.3,137.3,140.5,227.7,305.4,93.8,96.7,152.2,152.7,346.2,66.7,1720.7
2012,Tamil Nadu,Kanyakumari,26.3,4.9,7.3,125.4,15.2,68.4,59.2,93.8,36.9,226.6,122.2,24.6,810.8
2013,Tamil Nadu,Kanyakumari,24.7,70.3,32.3,26.2,64.0,266.8,114.1,43.6,79.0,78.0,325.8,76.6,1201.4
2014,Tamil Nadu,Kanyakumari,49.2,16.2,7.0,41.0,293.6,47.5,29.3,263.7,73.7,233.1,214.4,47.5,1316.2
2015,Tamil Nadu,Kanyakumari,10.0,12.5,48.5,169.2,260.5,247.9,38.2,32.9,214.0,382.8,267.8,129.8,1814.1
2003,Maharashtra,Bombay,0.0,0.0,0.0,0.0,0.0,-1.0,-1.0,-1.0,-1.0,0.0,0.0,0.0,-1.0
2004,Maharashtra,Bombay,0.0,0.0,0.0,0.0,49.5,281.9,812.3,862.6,172.7,45.6,2.5,0.0,2227.1
2005,Maharashtra,Bombay,0.5,0.0,0.1,0.0,0.2,561.8,1049.8,462.3,668.6,26.3,0.0,0.0,2769.6
2006,Maharashtra,Bombay,0.0,0.0,10.2,0.0,86.5,456.2,999.5,765.1,259.6,222.9,6.2,0.0,2806.2
2007,Maharashtra,Bombay,0.0,2.3,0.0,0.0,0.4,776.6,650.9,646.2,428.7,0.0,3.9,0.0,2509.0
2008,Maharashtra,Bombay,0.0,0.0,0.1,0.0,0.5,768.0,910.2,498.8,338.0,15.4,1.6,0.2,2532.8
2009,Maharashtra,Bombay,0.0,0.0,0.0,0.0,1.3,241.0,956.8,247.4,420.8,190.8,0.0,0.0,2058.1
2012,Maharashtra,Bombay,0.0,0.0,0.0,0.0,0.0,233.8,510.2,448.8,453.6,162.4,0.0,0.0,1808.8
2013,Maharashtra,Bombay,0.0,0.0,0.0,0.0,0.0,992.3,915.3,245.6,248.5,75.8,3.2,0.3,2480.8
2014,Maharashtra,Bombay,0.5,3.9,0.0,0.0,0.0,71.3,1412.1,445.2,288.8,34.8,5.0,15.8,2277.2
2015,Maharashtra,Bombay,0.0,0.0,13.3,0.7,1.2,986.5,319.7,171.1,236.8,52.3,1.6,0.0,1783.1
2003,Maharashtra,Thane,0.6,0.1,0.0,0.2,0.0,716.5,906.0,625.8,312.2,21.3,1.2,0.0,2583.9
2004,Maharashtra,Thane,0.0,0.0,0.0,0.0,8.0,425.7,814.0,1452.6,194.7,34.8,0.0,0.0,2929.8
2005,Maharashtra,Thane,0.0,0.0,0.0,0.0,0.0,706.5,1237.0,726.3,876.2,17.1,0.0,0.0,3563.1
2006,Maharashtra,Thane,0.0,0.0,0.3,0.0,32.8,489.7,1153.7,1073.1,284.0,105.7,0.0,0.0,3139.3
2007,Maharashtra,Thane,0.0,0.0,0.0,0.0,0.0,512.5,723.7,957.4,401.0,0.0,0.1,0.0,2594.7
2008,Maharashtra,Thane,0.0,0.0,0.0,0.0,0.0,528.0,925.1,846.5,443.9,37.7,0.1,0.1,2781.4
2009,Maharashtra,Thane,0.0,0.0,0.0,0.0,0.0,131.1,1290.5,176.2,203.2,189.2,0.0,0.0,1990.2
2012,Maharashtra,Thane,0.0,0.0,0.0,0.0,0.0,241.0,725.7,544.4,577.3,104.5,0.0,0.0,2192.9
2013,Maharashtra,Thane,0.0,0.0,0.0,0.0,12.5,911.2,1157.7,483.6,357.6,103.8,0.1,0.0,3026.5
2014,Maharashtra,Thane,0.3,2.8,0.7,0.1,0.5,111.9,1266.8,625.8,426.5,34.1,2.8,0.0,2472.3
2015,Maharashtra,Thane,0.0,0.0,21.9,0.0,0.0,545.4,657.9,258.6,235.8,60.6,47.7,0.0,1827.9
2003,Maharashtra,Raigad,0.2,1.4,0.0,0.0,56.8,977.3,970.3,611.9,347.4,34.2,0.1,0.0,2999.6
2004,Maharashtra,Raigad,0.0,0.0,0.0,0.0,4.0,521.0,1019.6,1335.3,320.5,26.0,2.0,0.0,3228.4
2005,Maharashtra,Raigad,0.0,0.0,0.2,0.0,0.0,662.3,1541.8,947.0,775.7,48.7,0.0,0.0,3975.7
2006,Maharashtra,Raigad,0.0,0.0,1.1,0.0,73.2,568.3,1427.0,1184.2,365.1,210.6,2.4,0.0,3831.9
2007,Maharashtra,Raigad,0.0,0.0,0.0,5.1,0.1,1086.6,1024.3,1062.8,558.6,8.6,11.0,0.0,3757.1
2008,Maharashtra,Raigad,0.0,0.0,0.0,0.0,0.0,815.4,912.9,965.5,542.2,86.2,0.4,0.6,3323.2
2009,Maharashtra,Raigad,0.0,0.0,0.0,0.0,0.1,205.4,1185.3,287.5,349.3,228.9,0.0,0.0,2256.5
2012,Maharashtra,Raigad,0.0,0.0,0.0,0.0,0.0,441.8,937.8,898.1,618.7,174.9,0.0,0.0,3071.3
2013,Maharashtra,Raigad,0.0,0.0,0.0,0.0,0.3,1177.7,1712.0,457.8,332.7,112.7,3.0,6.5,3802.7
2014,Maharashtra,Raigad,0.0,1.0,0.3,0.0,6.5,154.2,1418.6,752.0,521.7,69.9,9.2,24.1,2957.5
2015,Maharashtra,Raigad,0.0,0.0,54.2,1.6,11.5,897.6,543.3,365.6,247.8,106.1,16.7,0.0,2244.4
2003,Maharashtra,Ratnagiri,0.0,0.0,0.0,0.0,0.0,889.6,1210.5,638.2,283.9,57.6,1.1,0.0,3080.9
2004,Maharashtra,Ratnagiri,0.0,0.0,0.0,0.0,27.9,848.7,1001.7,908.2,273.3,41.5,1.8,0.0,3103.1
2005,Maharashtra,Ratnagiri,0.2,0.0,0.0,0.0,0.0,716.5,1352.6,873.8,597.9,93.6,0.0,0.0,3634.6
2006,Maharashtra,Ratnagiri,0.0,0.0,0.8,0.0,310.9,790.5,1122.4,836.7,469.7,163.8,3.9,0.0,3698.7
2007,Maharashtra,Ratnagiri,0.0,0.0,0.0,0.6,2.5,1254.1,880.1,1126.1,767.7,27.8,17.3,0.0,4076.2
2008,Maharashtra,Ratnagiri,0.0,0.0,5.2,0.0,40.5,871.7,660.3,826.4,520.9,55.2,0.1,10.9,2991.2
2009,Maharashtra,Ratnagiri,0.0,0.0,0.6,0.0,0.3,316.5,1350.7,402.6,512.5,291.2,0.0,0.0,2874.4
2012,Maharashtra,Ratnagiri,0.0,0.0,0.0,0.0,0.7,783.0,1261.7,871.5,537.7,266.1,0.0,0.0,3720.7
2013,Maharashtra,Ratnagiri,0.0,0.2,0.0,0.0,12.1,1352.0,1786.0,593.7,352.8,260.3,0.3,0.0,4357.4
2014,Maharashtra,Ratnagiri,0.0,0.0,0.0,0.0,6.5,322.1,1480.0,600.5,523.9,83.3,12.9,5.3,3034.5
2015,Maharashtra,Ratnagiri,6.0,0.0,31.7,0.0,6.7,1030.4,408.4,446.0,282.0,129.5,13.3,0.0,2354.0
2003,Maharashtra,Nasik,0.7,2.1,0.0,0.0,78.4,237.7,379.2,229.7,156.3,8.5,3.3,0.0,1095.9
2004,Maharashtra,Nasik,0.0,0.0,0.0,0.0,50.2,179.1,231.9,595.0,202.1,92.2,14.0,0.0,1364.5
2005,Maharashtra,Nasik,0.5,0.0,0.0,2.2,3.3,388.3,395.4,260.8,394.4,45.8,0.0,0.0,1490.7
2006,Maharashtra,Nasik,0.0,0.0,0.9,0.1,2.1,155.3,516.7,615.4,217.1,55.6,10.7,0.0,1573.9
2007,Maharashtra,Nasik,0.0,0.0,0.0,2.8,0.1,270.3,349.5,330.7,237.3,0.0,5.0,0.0,1195.7
2008,Maharashtra,Nasik,0.0,0.0,0.0,1.0,0.0,53.2,246.2,353.7,475.5,53.8,0.2,0.5,1184.1
2009,Maharashtra,Nasik,0.0,0.0,1.3,0.2,14.6,45.5,371.4,123.1,113.6,73.2,0.0,0.0,742.9
2012,Maharashtra,Nasik,0.0,0.0,0.0,0.0,17.7,81.6,290.6,295.6,184.8,80.3,0.0,0.0,950.6
2013,Maharashtra,Nasik,0.0,5.1,0.7,3.9,0.4,253.0,406.1,239.1,220.3,81.3,1.7,0.0,1211.6
2014,Maharashtra,Nasik,5.7,5.7,22.2,0.0,70.7,30.1,379.1,252.6,222.5,29.3,39.2,16.4,1073.5
2015,Maharashtra,Nasik,3.3,0.0,37.8,7.9,0.0,177.3,254.6,90.2,206.9,36.4,24.3,0.0,838.7
2003,Maharashtra,Dhule,4.0,0.7,0.0,1.8,8.1,216.0,221.2,200.6,194.2,1.0,0.0,0.0,847.6
2004,Maharashtra,Dhule,0.0,0.0,0.0,0.0,24.3,140.3,196.2,222.5,138.2,72.0,0.0,0.0,793.5
2005,Maharashtra,Dhule,0.0,0.0,0.0,0.0,0.0,152.5,133.7,48.1,216.0,8.0,0.0,0.0,558.3
2006,Maharashtra,Dhule,0.0,0.0,0.0,0.0,0.0,124.0,274.8,269.1,231.9,38.3,4.4,0.0,942.5
2007,Maharashtra,Dhule,0.0,0.0,0.0,0.0,0.0,117.0,179.5,127.3,174.3,0.0,0.0,0.0,598.1
2008,Maharashtra,Dhule,0.0,0.0,0.0,0.0,0.0,19.5,153.3,80.0,211.0,8.3,0.0,0.0,472.1
2009,Maharashtra,Dhule,0.0,0.0,0.0,0.0,0.0,60.8,187.3,113.3,155.3,49.0,0.0,0.0,565.7
2012,Maharashtra,Dhule,0.0,0.0,0.0,0.0,0.0,39.7,171.4,113.3,69.3,10.6,0.0,0.0,404.3
2013,Maharashtra,Dhule,0.0,20.5,1.0,0.8,0.0,220.2,277.2,166.5,145.3,89.6,0.0,0.0,921.1
2014,Maharashtra,Dhule,11.5,6.5,26.4,0.0,0.0,48.0,226.3,105.4,171.7,2.6,22.5,0.4,621.3
2015,Maharashtra,Dhule,0.0,0.0,0.0,0.0,0.0,151.6,93.8,78.2,210.0,6.6,0.5,0.0,540.7
2003,Maharashtra,Jalgaon,0.3,0.5,0.0,0.0,5.8,251.7,218.8,284.0,171.7,0.0,1.1,0.7,934.6
2004,Maharashtra,Jalgaon,0.2,0.0,0.0,0.0,22.3,102.2,169.3,204.5,134.7,14.3,0.0,0.0,647.5
2005,Maharashtra,Jalgaon,5.0,0.3,4.5,1.3,1.2,58.8,147.9,122.8,196.5,2.7,0.0,0.0,541.0
2006,Maharashtra,Jalgaon,0.0,0.0,1.1,0.0,5.0,122.6,360.6,468.8,224.8,56.4,0.0,0.0,1239.3
2007,Maharashtra,Jalgaon,0.0,0.0,0.0,0.3,1.7,44.6,247.6,141.1,158.7,0.0,1.4,0.0,595.4
2008,Maharashtra,Jalgaon,0.0,0.0,0.0,0.0,0.0,59.7,141.7,92.7,235.0,18.2,0.0,0.0,547.3
2009,Maharashtra,Jalgaon,0.9,0.0,0.0,0.0,2.0,62.5,224.9,115.9,125.8,62.7,0.0,0.0,594.7
2012,Maharashtra,Jalgaon,0.0,0.0,0.0,0.0,11.7,21.5,165.5,105.9,88.7,14.8,0.0,0.0,408.1
2013,Maharashtra,Jalgaon,0.0,22.2,1.2,0.7,0.0,208.2,251.1,215.1,173.1,57.8,0.0,0.0,929.4
2014,Maharashtra,Jalgaon,10.9,31.1,34.8,0.2,0.7,21.3,252.0,131.9,202.4,1.7,9.5,52.6,749.1
2015,Maharashtra,Jalgaon,0.7,5.8,48.3,12.0,7.2,99.3,45.9,135.7,134.9,3.0,1.9,0.0,494.7
2003,Maharashtra,Ahmednagar,0.0,0.0,0.0,2.6,26.3,52.1,84.8,62.3,77.7,24.2,4.6,0.0,334.6
2004,Maharashtra,Ahmednagar,0.0,0.0,0.0,0.0,17.1,123.6,103.5,99.7,262.0,60.2,12.2,0.0,678.3
2005,Maharashtra,Ahmednagar,0.8,0.0,0.1,1.8,0.7,82.7,146.9,79.6,214.0,114.9,0.0,0.0,641.5
2006,Maharashtra,Ahmednagar,0.0,0.0,0.0,0.0,8.1,166.1,124.3,176.2,225.9,71.2,0.0,0.0,771.8
2007,Maharashtra,Ahmednagar,0.0,0.0,0.0,0.0,0.0,205.2,101.8,126.4,157.8,0.0,0.0,0.0,591.2
2008,Maharashtra,Ahmednagar,0.0,0.0,51.9,4.5,0.0,37.7,65.2,108.4,327.3,53.0,0.9,0.0,648.9
2009,Maharashtra,Ahmednagar,0.0,0.0,0.0,0.0,0.0,75.6,122.0,127.3,123.0,73.4,0.0,0.0,521.3
2012,Maharashtra,Ahmednagar,0.0,0.0,0.0,3.5,10.3,40.0,86.0,63.6,90.8,99.2,0.7,0.0,394.1
2013,Maharashtra,Ahmednagar,0.0,1.0,0.0,0.0,0.0,142.1,144.1,56.0,182.5,75.5,0.0,0.0,601.2
2014,Maharashtra,Ahmednagar,0.1,1.7,32.7,0.1,14.6,21.0,92.9,198.7,44.6,27.6,63.1,3.4,500.5
2015,Maharashtra,Ahmednagar,0.5,0.0,69.9,0.4,6.6,96.4,34.7,32.9,169.7,35.0,27.1,0.0,473.2
2003,Maharashtra,Pune,0.0,0.3,0.0,0.8,0.0,182.0,149.6,108.4,75.7,24.6,0.0,0.0,541.4
2004,Maharashtra,Pune,0.0,0.0,0.0,24.7,59.5,183.9,101.1,392.9,192.9,17.5,0.0,0.0,972.5
2005,Maharashtra,Pune,0.9,0.0,0.1,1.8,2.8,228.7,383.4,237.8,272.7,105.5,0.0,0.0,1233.7
2006,Maharashtra,Pune,0.0,0.0,1.3,0.0,8.2,191.8,332.8,390.0,197.7,57.1,4.2,0.0,1183.1
2007,Maharashtra,Pune,0.0,0.0,0.0,6.0,0.6,267.8,261.2,225.0,134.6,2.8,12.5,0.0,910.5
2008,Maharashtra,Pune,0.0,0.0,13.7,0.8,0.8,148.4,99.5,216.1,259.4,60.1,4.4,6.8,810.0
2009,Maharashtra,Pune,0.0,0.0,0.4,0.0,2.3,60.4,317.7,141.8,153.5,119.2,0.0,0.0,795.3
2012,Maharashtra,Pune,0.0,0.0,0.0,9.6,2.5,63.3,161.5,202.7,116.6,133.3,1.1,0.0,690.6
2013,Maharashtra,Pune,0.5,0.3,0.9,0.0,0.8,293.4,397.2,128.8,233.3,32.2,13.6,5.4,1106.4
2014,Maharashtra,Pune,1.2,1.2,36.9,4.3,21.8,42.6,385.5,345.0,104.7,29.2,22.7,12.2,1007.3
2015,Maharashtra,Pune,0.0,0.6,50.2,13.3,29.3,229.6,142.1,53.8,156.6,83.1,45.3,0.0,803.9
2003,Maharashtra,Satara,0.6,12.1,0.7,6.6,0.0,270.6,244.7,173.1,77.0,38.9,11.8,0.0,836.1
2004,Maharashtra,Satara,0.0,0.0,0.0,0.0,0.0,417.4,202.0,561.1,186.2,21.1,0.0,0.0,1387.8
2005,Maharashtra,Satara,0.5,0.1,0.0,4.6,1.0,279.8,501.3,402.1,259.6,81.3,0.0,0.0,1530.3
2006,Maharashtra,Satara,0.0,0.0,2.9,0.0,32.4,253.1,477.9,381.1,153.5,48.3,12.9,0.0,1362.1
2007,Maharashtra,Satara,0.0,0.0,0.0,7.8,1.7,386.6,303.7,261.0,175.8,1.3,4.6,0.0,1142.5
2008,Maharashtra,Satara,0.0,0.0,31.4,2.4,17.6,160.6,99.3,265.1,216.0,62.2,4.9,2.6,862.1
2009,Maharashtra,Satara,0.0,0.0,3.2,0.6,15.6,81.1,540.1,221.3,201.8,122.3,0.0,0.0,1186.0
2012,Maharashtra,Satara,0.0,0.0,0.0,23.8,4.7,113.2,195.9,232.1,122.1,125.0,1.4,0.0,818.2
2013,Maharashtra,Satara,0.0,1.4,0.3,4.4,8.4,240.8,290.9,117.0,218.2,35.8,3.9,4.5,925.6
2014,Maharashtra,Satara,0.0,0.0,9.6,12.4,57.1,58.1,310.8,358.9,80.1,68.1,44.7,2.8,1002.6
2015,Maharashtra,Satara,0.0,0.0,27.1,10.7,56.9,223.9,73.8,57.4,100.6,83.9,15.0,0.0,649.3
2003,Maharashtra,Sangli,0.0,0.0,0.0,14.3,25.2,56.6,35.3,35.2,35.9,79.2,6.8,0.0,288.5
2004,Maharashtra,Sangli,0.0,0.0,0.0,1.8,21.8,232.9,49.3,139.9,150.2,24.8,0.2,0.0,620.9
2005,Maharashtra,Sangli,0.0,0.4,0.0,25.4,3.4,158.5,314.4,247.7,246.0,69.8,0.0,0.0,1065.6
2006,Maharashtra,Sangli,0.0,0.0,2.6,0.6,27.5,205.7,200.9,197.7,164.0,59.9,16.3,0.0,875.2
2007,Maharashtra,Sangli,0.0,0.0,0.0,5.8,12.1,312.4,127.9,160.1,135.6,9.1,12.2,0.0,775.2
2008,Maharashtra,Sangli,0.0,0.0,59.8,30.5,25.6,79.9,36.0,170.7,207.2,110.6,5.5,0.2,726.0
2009,Maharashtra,Sangli,0.0,0.0,0.0,0.0,37.2,58.3,178.6,101.9,198.5,117.9,0.0,0.0,692.4
2012,Maharashtra,Sangli,0.0,0.0,0.0,18.3,5.7,49.6,103.0,68.9,70.4,145.1,9.4,0.0,470.4
2013,Maharashtra,Sangli,0.0,0.6,0.0,12.5,15.1,124.1,185.6,58.7,165.3,53.8,10.0,0.0,625.7
2014,Maharashtra,Sangli,0.0,0.0,5.7,27.0,38.8,65.8,211.6,217.1,62.2,94.9,26.9,22.4,772.4
2015,Maharashtra,Sangli,8.6,0.0,31.9,18.6,55.6,131.2,23.0,26.3,106.3,73.6,5.7,0.0,480.8
2003,Maharashtra,Solapur,0.0,0.5,0.8,0.0,0.6,50.0,42.7,84.7,87.8,11.7,1.8,0.5,281.1
2004,Maharashtra,Solapur,0.0,0.8,0.0,1.5,38.8,110.2,123.8,28.7,214.1,47.9,0.1,0.0,565.9
2005,Maharashtra,Solapur,0.0,0.0,0.9,3.6,4.7,41.6,155.9,110.5,151.7,166.9,0.0,0.0,635.8
2006,Maharashtra,Solapur,0.0,0.0,0.7,1.2,21.5,140.8,32.0,61.8,231.4,44.5,8.7,0.0,542.6
2007,Maharashtra,Solapur,0.0,0.0,0.0,0.1,0.2,227.0,49.8,143.0,223.4,0.0,9.5,0.0,653.0
2008,Maharashtra,Solapur,0.0,0.0,49.7,7.7,4.8,27.7,63.4,156.2,279.1,58.0,25.4,0.5,672.5
2009,Maharashtra,Solapur,0.0,0.0,1.0,0.8,32.8,75.3,54.0,167.0,230.4,109.8,0.0,0.0,671.1
2012,Maharashtra,Solapur,0.0,0.0,0.0,31.4,28.7,54.7,87.8,47.9,94.2,105.3,4.6,0.0,454.6
2013,Maharashtra,Solapur,0.0,0.9,1.5,20.8,11.3,89.0,156.1,44.3,225.6,38.7,5.6,0.0,593.8
2014,Maharashtra,Solapur,0.0,10.1,35.5,17.0,44.6,51.5,78.9,195.5,44.3,28.8,35.4,5.4,547.0
2015,Maharashtra,Solapur,0.0,0.0,16.1,10.8,21.8,96.2,5.1,32.0,98.5,66.3,4.3,0.5,351.6
2003,Maharashtra,Kolhapur,0.5,0.0,10.5,5.2,6.6,486.6,416.1,300.9,102.8,98.2,7.6,0.0,1435.0
2004,Maharashtra,Kolhapur,0.0,0.0,0.0,20.1,101.4,564.3,316.9,701.4,191.6,28.0,4.0,0.0,1927.7
2005,Maharashtra,Kolhapur,0.3,0.1,0.0,17.7,9.7,467.5,953.6,736.5,514.9,109.4,0.0,0.1,2809.8
2006,Maharashtra,Kolhapur,0.0,0.0,1.2,0.1,37.5,403.7,978.8,814.6,299.2,66.3,10.0,0.0,2611.4
2007,Maharashtra,Kolhapur,0.0,0.0,0.0,0.6,3.8,680.2,598.2,653.2,271.9,42.7,10.0,0.0,2260.6
2008,Maharashtra,Kolhapur,0.0,0.0,56.5,3.3,69.1,435.8,329.6,671.3,419.1,91.8,1.8,3.7,2082.0
2009,Maharashtra,Kolhapur,0.0,0.0,2.6,0.8,1.8,93.9,1089.3,229.8,292.4,173.0,0.0,0.0,1883.6
2012,Maharashtra,Kolhapur,0.0,0.0,0.0,37.2,12.3,213.7,535.6,403.6,250.2,148.8,17.5,0.0,1618.9
2013,Maharashtra,Kolhapur,0.0,4.9,1.9,12.9,36.3,462.6,826.1,328.7,155.4,62.2,0.6,0.0,1891.6
2014,Maharashtra,Kolhapur,0.0,0.0,2.8,22.3,17.2,125.2,762.0,412.4,193.2,125.4,23.3,8.6,1692.4
2015,Maharashtra,Kolhapur,0.2,0.0,33.7,8.3,55.9,409.7,176.6,163.7,53.4,67.1,3.4,0.0,972.0
2003,Maharashtra,Aurangabad,2.7,0.0,0.0,20.1,29.0,138.4,175.0,137.8,91.2,2.6,0.0,2.4,599.2
2004,Maharashtra,Aurangabad,1.1,0.0,0.0,0.0,3.7,97.0,190.9,99.3,250.8,68.8,3.4,0.0,715.0
2005,Maharashtra,Aurangabad,0.2,0.1,0.9,0.0,1.4,43.0,254.2,106.3,224.7,68.7,0.0,0.0,699.5
2006,Maharashtra,Aurangabad,0.0,0.0,3.2,0.0,15.6,214.7,200.7,282.7,233.0,56.2,7.8,0.0,1013.9
2007,Maharashtra,Aurangabad,0.0,0.0,0.0,1.8,0.0,134.1,162.8,123.0,156.0,0.0,9.1,0.0,586.8
2008,Maharashtra,Aurangabad,0.0,0.0,39.0,1.8,0.0,73.5,88.0,123.9,314.4,40.0,3.0,0.6,684.2
2009,Maharashtra,Aurangabad,0.0,0.0,0.1,0.5,14.1,34.3,181.3,129.8,164.5,53.4,0.0,0.0,578.0
2012,Maharashtra,Aurangabad,0.0,0.0,0.0,6.8,16.3,52.1,124.1,72.4,83.9,49.2,0.1,0.0,404.9
2013,Maharashtra,Aurangabad,0.0,0.8,0.0,0.1,2.5,162.5,165.5,119.4,151.6,86.0,10.4,10.7,709.5
2014,Maharashtra,Aurangabad,4.4,5.5,67.9,7.6,7.4,19.8,142.1,152.0,97.9,12.4,47.4,17.8,582.2
2015,Maharashtra,Aurangabad,7.7,2.5,43.3,22.7,5.1,169.1,26.4,98.0,204.4,15.4,2.6,0.0,597.2
2003,Maharashtra,Parbhani,27.2,2.0,1.4,507.7,42.9,114.2,40.3,184.3,87.0,10.0,0.0,0.0,1017.0
2004,Maharashtra,Parbhani,3.5,0.0,0.0,0.7,18.3,93.6,173.4,87.3,175.9,28.2,9.8,0.0,590.7
2005,Maharashtra,Parbhani,8.9,0.4,6.0,0.6,0.3,66.9,807.7,107.7,131.6,128.8,0.0,0.0,1258.9
2006,Maharashtra,Parbhani,0.0,0.0,11.4,0.1,8.8,104.7,101.6,497.1,148.7,65.5,0.8,0.0,938.7
2007,Maharashtra,Parbhani,0.0,0.0,0.2,1.2,0.0,157.8,222.7,192.4,223.2,0.0,20.3,0.0,817.8
2008,Maharashtra,Parbhani,3.5,0.0,7.1,12.1,0.5,110.4,152.6,128.9,239.0,19.7,35.3,0.0,709.1
2009,Maharashtra,Parbhani,0.0,0.0,0.3,1.4,23.4,78.2,166.2,213.9,129.3,62.2,0.0,0.0,674.9
2012,Maharashtra,Parbhani,0.5,0.2,0.0,2.0,1.5,101.8,198.4,111.1,172.9,85.4,1.1,0.0,674.9
2013,Maharashtra,Parbhani,2.8,14.2,4.9,9.8,8.4,143.3,369.6,150.8,183.6,87.4,7.7,17.5,1000.0
2014,Maharashtra,Parbhani,0.0,20.5,144.5,5.1,8.2,36.8,77.8,160.1,87.0,2.9,25.0,0.0,567.9
2015,Maharashtra,Parbhani,8.3,0.3,21.6,55.4,8.5,93.9,24.8,80.7,148.3,9.9,0.0,0.0,451.7
2003,Maharashtra,Beed,5.5,0.8,1.1,1.4,56.5,91.3,155.4,153.6,119.0,43.7,9.1,0.0,637.4
2004,Maharashtra,Beed,0.0,0.0,0.0,0.0,2.4,175.8,204.2,52.3,158.8,68.7,0.0,0.0,662.2
2005,Maharashtra,Beed,0.0,0.0,0.0,0.0,0.0,57.6,328.8,63.1,210.3,15.3,0.0,0.0,675.1
2006,Maharashtra,Beed,0.0,0.0,0.0,0.0,0.0,83.5,60.4,233.0,262.1,57.6,0.0,0.0,696.6
2007,Maharashtra,Beed,0.0,0.0,0.0,0.0,0.0,80.5,99.0,105.7,284.5,0.0,0.0,0.0,569.7
2008,Maharashtra,Beed,0.0,0.0,0.0,0.0,0.0,44.8,81.3,164.2,289.8,27.0,0.0,0.0,607.1
2009,Maharashtra,Beed,0.0,0.0,0.0,0.0,13.8,84.6,150.9,152.7,230.8,77.2,0.0,0.0,710.0
2012,Maharashtra,Beed,0.0,0.0,0.0,0.0,0.0,55.4,107.4,81.6,105.0,81.3,0.9,0.0,431.6
2013,Maharashtra,Beed,0.0,0.0,1.2,4.6,2.2,127.6,205.0,92.3,152.8,76.9,3.0,24.9,690.5
2014,Maharashtra,Beed,0.0,1.4,69.6,10.7,5.6,32.0,95.3,178.4,48.1,13.4,2.9,0.0,457.4
2015,Maharashtra,Beed,5.2,0.0,31.2,38.3,5.8,67.4,11.8,79.4,123.2,22.4,18.6,0.0,403.3
2003,Maharashtra,Nanded,0.2,0.0,0.0,0.0,0.0,120.4,403.9,226.1,100.9,28.3,1.1,0.0,880.9
2004,Maharashtra,Nanded,0.0,0.0,0.0,0.0,49.0,74.6,191.7,105.6,171.8,47.7,34.9,0.0,675.3
2005,Maharashtra,Nanded,20.5,1.0,16.1,2.0,0.0,26.3,391.3,125.8,246.0,54.0,0.0,0.0,883.0
2006,Maharashtra,Nanded,0.0,0.0,0.0,0.0,9.5,79.3,149.3,287.1,168.1,52.0,0.0,0.0,745.3
2007,Maharashtra,Nanded,0.0,0.0,0.0,0.0,0.0,144.5,94.2,191.2,157.0,0.0,0.0,0.0,586.9
2008,Maharashtra,Nanded,0.0,0.0,0.0,3.0,85.5,133.5,124.8,148.2,5.5,7.1,0.0,0.0,507.6
2009,Maharashtra,Nanded,0.0,0.0,0.0,0.0,11.5,70.3,125.3,132.8,98.0,56.2,0.0,0.0,494.1
2012,Maharashtra,Nanded,1.0,0.0,0.0,0.0,0.0,98.4,194.7,176.4,148.5,59.2,6.5,0.0,684.7
2013,Maharashtra,Nanded,1.7,33.2,0.0,15.5,20.0,197.3,452.4,199.6,132.0,109.7,13.9,0.0,1175.3
2014,Maharashtra,Nanded,0.0,19.0,96.4,10.9,6.4,30.9,82.0,191.6,99.0,10.7,8.0,0.0,554.9
2015,Maharashtra,Nanded,13.1,0.0,36.0,55.5,29.4,168.5,50.3,146.4,127.7,6.3,0.0,0.0,633.2
2003,Maharashtra,Osmanabad,0.0,0.8,6.2,21.1,0.0,78.7,112.8,140.0,101.2,4.2,15.9,0.0,480.9
2004,Maharashtra,Osmanabad,0.0,0.0,50.4,0.0,34.5,122.8,172.5,53.0,150.8,103.8,21.5,0.0,709.3
2005,Maharashtra,Osmanabad,0.0,0.0,5.6,6.8,3.6,61.9,347.3,172.4,231.7,31.5,0.0,0.0,860.8
2006,Maharashtra,Osmanabad,0.0,0.0,1.0,0.3,23.8,117.8,61.7,164.4,212.3,40.0,15.6,0.0,636.9
2007,Maharashtra,Osmanabad,0.0,0.0,0.0,0.2,0.7,197.0,67.1,129.0,227.0,0.0,0.0,0.0,621.0
2008,Maharashtra,Osmanabad,0.0,0.0,46.9,22.8,0.0,51.2,88.5,187.8,355.6,5.8,10.3,2.3,771.2
2009,Maharashtra,Osmanabad,0.0,0.0,0.4,2.4,26.5,49.9,105.1,230.1,206.0,93.2,0.0,0.0,713.6
2012,Maharashtra,Osmanabad,0.0,0.0,0.0,10.8,17.2,46.5,145.1,49.6,114.3,50.4,6.4,0.0,440.3
2013,Maharashtra,Osmanabad,0.0,0.6,10.6,7.9,10.9,111.3,238.4,76.5,210.2,62.7,4.7,2.4,736.2
2014,Maharashtra,Osmanabad,0.0,18.6,47.6,23.4,18.9,42.1,128.1,217.1,56.0,23.0,47.4,0.3,622.5
2015,Maharashtra,Osmanabad,8.2,0.0,20.6,42.3,16.2,77.4,20.5,99.2,139.1,46.3,6.7,0.0,476.5
2003,Maharashtra,Buldhana,0.0,0.0,0.0,0.0,14.4,131.7,231.2,201.0,117.0,10.2,0.0,0.0,705.5
2004,Maharashtra,Buldhana,10.8,0.0,0.0,0.0,31.7,115.1,165.3,135.2,114.6,37.3,6.3,0.0,616.3
2005,Maharashtra,Buldhana,11.7,10.8,1.0,10.6,0.0,37.7,191.4,130.0,141.6,39.2,0.0,0.0,574.0
2006,Maharashtra,Buldhana,0.0,0.0,78.2,0.0,36.3,106.7,191.5,465.5,146.6,40.1,12.9,0.0,1077.8
2007,Maharashtra,Buldhana,0.0,0.0,0.0,1.0,0.8,96.4,238.3,174.0,168.0,0.0,0.0,0.0,678.5
2008,Maharashtra,Buldhana,0.0,0.0,8.0,0.0,0.0,78.7,157.4,117.4,235.5,37.2,0.0,0.0,634.2
2009,Maharashtra,Buldhana,0.0,0.0,82.0,0.0,4.0,85.0,235.1,172.4,60.9,79.7,0.0,0.0,719.1
2012,Maharashtra,Buldhana,0.0,0.0,0.0,0.0,0.0,106.4,198.7,106.3,141.5,44.5,0.0,0.0,597.4
2013,Maharashtra,Buldhana,1.6,2.7,0.9,0.0,0.0,256.8,279.4,175.7,130.2,71.5,0.0,0.0,918.8
2014,Maharashtra,Buldhana,8.9,26.3,61.8,3.8,0.2,24.1,172.8,211.9,163.6,12.5,27.8,12.7,726.4
2015,Maharashtra,Buldhana,25.0,3.0,54.8,39.8,7.8,110.0,42.9,225.2,181.7,3.9,0.0,0.0,694.1
2003,Maharashtra,Akola,0.0,0.0,0.0,0.0,0.0,116.0,212.4,159.9,137.1,9.0,0.0,0.0,634.4
2004,Maharashtra,Akola,15.8,0.0,3.3,0.0,41.5,65.9,154.8,104.0,74.0,23.1,31.0,0.0,513.4
2005,Maharashtra,Akola,35.5,6.4,27.6,5.4,2.9,36.2,251.8,249.8,224.3,49.9,0.0,0.0,889.8
2006,Maharashtra,Akola,0.0,0.0,144.2,0.0,56.0,103.1,261.1,368.7,205.8,47.7,8.7,0.0,1195.3
2007,Maharashtra,Akola,0.0,0.0,0.0,12.0,0.0,130.9,321.5,228.0,218.2,0.0,4.6,0.0,915.2
2008,Maharashtra,Akola,14.3,0.0,29.0,0.0,0.0,79.5,124.8,115.9,217.0,9.9,3.0,0.0,593.4
2009,Maharashtra,Akola,0.0,0.0,6.5,0.2,44.8,81.0,249.2,171.6,86.2,43.9,0.0,0.0,683.4
2012,Maharashtra,Akola,7.9,0.0,0.0,0.7,3.7,130.8,293.5,154.0,199.5,34.4,0.0,0.0,824.5
2013,Maharashtra,Akola,13.2,18.1,1.9,0.7,0.0,315.7,317.3,280.5,233.2,154.2,0.1,0.0,1334.9
2014,Maharashtra,Akola,1.1,47.5,34.4,6.7,3.6,24.7,299.1,159.4,199.9,1.4,15.3,5.1,798.2
2015,Maharashtra,Akola,43.4,1.0,122.3,44.4,1.9,157.3,67.3,258.2,131.9,6.6,0.0,0.0,834.3
2003,Maharashtra,Amarawati,0.0,7.1,6.3,2.7,0.0,135.7,291.9,171.5,123.9,12.0,0.7,0.0,751.8
2004,Maharashtra,Amarawati,18.7,0.0,0.0,0.0,9.3,90.0,161.3,230.2,80.0,34.9,29.0,0.0,653.4
2005,Maharashtra,Amarawati,10.7,6.4,32.3,11.5,0.0,96.6,250.1,183.5,232.1,61.3,0.0,0.0,884.5
2006,Maharashtra,Amarawati,0.0,0.0,118.8,23.4,23.0,66.7,260.8,327.6,138.1,43.9,4.7,0.0,1007.0
2007,Maharashtra,Amarawati,0.0,4.2,13.4,3.6,16.0,214.3,357.8,261.3,227.1,0.0,0.0,0.0,1097.7
2008,Maharashtra,Amarawati,0.0,0.0,8.0,9.0,2.0,75.0,173.4,128.9,170.8,28.8,5.0,0.0,600.9
2009,Maharashtra,Amarawati,0.0,0.0,0.0,0.0,6.0,70.5,301.7,110.6,87.5,37.9,0.0,0.0,614.2
2012,Maharashtra,Amarawati,3.2,0.0,0.0,6.4,12.0,147.4,282.4,243.5,316.1,25.0,0.4,0.1,1036.5
2013,Maharashtra,Amarawati,16.1,4.3,6.7,2.0,2.0,286.6,307.3,258.1,131.5,99.6,0.0,0.0,1114.2
2014,Maharashtra,Amarawati,0.9,24.7,29.0,1.3,0.1,56.9,378.1,135.8,201.1,11.8,11.5,5.6,856.8
2015,Maharashtra,Amarawati,50.0,8.1,82.7,17.2,2.7,221.5,125.2,304.3,107.2,1.6,0.0,0.0,920.5
2003,Maharashtra,Yeotmal,0.0,0.4,0.9,0.0,0.5,144.8,370.6,230.6,68.8,22.5,1.4,0.0,840.5
2004,Maharashtra,Yeotmal,36.7,0.0,0.0,0.0,69.0,139.6,233.1,173.9,73.0,29.2,35.7,0.0,790.2
2005,Maharashtra,Yeotmal,81.8,14.0,18.8,11.0,13.8,164.8,488.1,257.2,164.8,79.9,0.0,1.3,1295.5
2006,Maharashtra,Yeotmal,0.0,0.0,57.6,14.0,27.9,112.0,351.7,403.8,205.3,106.8,10.9,0.0,1290.0
2007,Maharashtra,Yeotmal,0.0,0.0,4.6,1.0,14.4,122.0,250.4,176.0,216.1,5.4,6.2,0.0,796.1
2008,Maharashtra,Yeotmal,0.0,0.0,72.4,7.2,5.2,83.4,178.1,196.5,130.6,31.1,0.0,0.0,704.5
2009,Maharashtra,Yeotmal,0.0,0.0,1.2,0.0,10.2,99.4,142.3,128.1,108.3,10.0,0.0,0.0,499.5
2012,Maharashtra,Yeotmal,0.0,0.0,0.0,0.0,0.0,151.2,352.4,185.3,192.3,41.8,5.7,0.0,928.7
2013,Maharashtra,Yeotmal,1.9,7.7,2.0,2.8,0.0,343.9,479.4,242.0,108.6,129.0,0.2,0.0,1317.5
2014,Maharashtra,Yeotmal,0.0,9.3,70.4,1.6,0.8,59.1,206.1,209.9,202.6,3.8,0.0,0.0,763.6
2015,Maharashtra,Yeotmal,22.3,3.9,59.0,19.0,9.8,204.9,85.1,203.7,169.7,2.1,0.0,0.0,779.5
2003,Maharashtra,Wardha,0.0,0.0,0.0,0.2,0.0,118.1,372.5,257.6,137.2,4.7,0.0,0.0,890.3
2004,Maharashtra,Wardha,66.0,0.0,0.0,0.0,20.0,178.0,235.7,236.2,90.5,15.6,16.7,0.0,858.7
2005,Maharashtra,Wardha,88.7,8.7,26.0,11.9,1.6,182.1,323.5,214.5,228.4,85.0,0.0,3.9,1174.3
2006,Maharashtra,Wardha,0.0,0.0,80.6,27.2,52.4,108.3,357.8,302.1,115.3,36.0,17.3,0.0,1097.0
2007,Maharashtra,Wardha,0.0,2.2,7.8,6.6,6.6,336.0,413.3,272.6,257.9,0.7,11.0,0.0,1314.7
2008,Maharashtra,Wardha,0.0,0.0,28.5,2.5,2.8,80.0,322.9,194.6,167.1,20.2,0.0,0.0,818.6
2009,Maharashtra,Wardha,0.0,0.0,0.0,3.8,19.0,78.1,290.8,162.8,87.1,23.7,0.0,0.0,665.3
2012,Maharashtra,Wardha,5.9,0.5,0.0,2.0,2.0,112.9,211.3,203.2,309.4,24.7,8.1,0.0,880.0
2013,Maharashtra,Wardha,16.5,16.3,5.8,7.5,0.0,306.9,495.1,168.9,94.4,115.9,0.0,0.0,1227.3
2014,Maharashtra,Wardha,0.0,19.7,41.3,0.3,4.0,73.0,400.5,119.5,172.2,22.9,3.8,0.0,857.2
2015,Maharashtra,Wardha,13.8,9.6,69.0,18.2,7.1,233.2,194.1,301.6,136.5,8.7,0.0,0.0,991.8
2003,Maharashtra,Nagpur,0.0,0.0,0.0,0.0,12.2,165.2,455.5,276.0,149.7,9.7,0.0,0.0,1068.3
2004,Maharashtra,Nagpur,49.4,1.5,0.6,19.3,20.6,135.7,256.3,205.5,88.1,7.7,6.8,0.0,791.5
2005,Maharashtra,Nagpur,98.3,13.3,19.8,11.2,12.0,190.0,421.1,178.8,294.9,89.1,0.0,0.8,1329.3
2006,Maharashtra,Nagpur,0.0,0.0,91.0,25.8,39.2,108.5,344.3,296.1,145.6,7.9,18.0,0.0,1076.4
2007,Maharashtra,Nagpur,0.0,2.4,8.0,3.5,6.6,251.5,402.1,288.8,220.7,29.3,37.8,0.0,1250.7
2008,Maharashtra,Nagpur,0.0,0.0,18.5,4.6,15.1,198.3,298.6,188.8,100.1,16.8,0.0,0.0,840.8
2009,Maharashtra,Nagpur,0.0,0.0,9.2,0.0,20.3,95.4,463.7,183.7,107.0,50.9,0.0,0.0,930.2
2012,Maharashtra,Nagpur,9.2,7.0,0.0,1.7,1.8,67.0,338.7,282.9,273.9,19.4,18.3,0.0,1019.9
2013,Maharashtra,Nagpur,6.9,8.1,8.4,0.7,0.0,390.0,478.7,339.3,101.6,109.8,0.0,0.0,1443.5
2014,Maharashtra,Nagpur,0.3,26.3,38.4,2.8,11.9,92.3,402.8,133.0,125.1,26.9,7.5,0.4,867.7
2015,Maharashtra,Nagpur,7.8,15.1,69.1,32.5,14.0,277.2,173.7,382.3,136.9,13.0,0.2,0.0,1121.8
2003,Maharashtra,Bhandara,0.0,0.0,0.0,16.2,0.0,140.5,580.6,353.4,294.7,23.5,0.0,0.0,1408.9
2004,Maharashtra,Bhandara,51.2,2.1,0.0,4.6,16.6,126.2,268.0,218.8,93.8,0.4,0.0,0.0,781.7
2005,Maharashtra,Bhandara,11.5,119.1,2.1,8.1,14.6,253.4,445.7,367.8,457.3,117.9,0.0,0.0,1797.5
2006,Maharashtra,Bhandara,0.0,0.0,42.3,32.4,40.6,73.1,552.4,413.8,189.7,3.0,0.0,0.0,1347.3
2007,Maharashtra,Bhandara,0.0,250.7,307.3,218.7,212.5,20.1,0.0,0.0,0.0,0.0,0.0,0.0,1009.3
2008,Maharashtra,Bhandara,179.1,308.3,295.1,98.3,0.7,0.0,0.0,0.0,0.0,0.0,0.0,0.0,881.5
2009,Maharashtra,Bhandara,0.0,71.7,481.6,223.0,133.8,17.9,0.0,0.0,0.0,0.0,0.0,0.0,928.0
2012,Maharashtra,Bhandara,52.1,0.0,0.0,0.0,0.0,137.4,409.2,526.6,233.4,8.6,25.5,0.0,1392.8
2013,Maharashtra,Bhandara,0.0,15.4,5.6,2.3,0.0,403.0,590.5,535.3,91.1,121.5,0.0,0.0,1764.7
2014,Maharashtra,Bhandara,0.0,33.9,36.7,5.8,14.1,70.5,466.2,228.9,149.8,6.3,0.0,0.0,1012.2
2015,Maharashtra,Bhandara,10.9,2.4,86.7,32.1,14.8,258.6,251.2,350.5,158.4,1.4,0.0,2.2,1169.2
2003,Maharashtra,Chandrapur,0.0,0.0,0.0,0.0,4.6,127.3,462.5,350.3,110.6,62.1,0.0,0.0,1117.4
2004,Maharashtra,Chandrapur,42.8,4.3,0.1,5.1,26.3,127.5,238.9,244.4,114.8,14.8,17.0,0.0,836.0
2005,Maharashtra,Chandrapur,135.0,16.9,11.0,11.9,13.7,197.1,529.1,304.2,263.6,107.6,0.0,12.7,1602.8
2006,Maharashtra,Chandrapur,0.0,0.0,65.3,49.7,38.5,147.6,455.5,336.5,143.3,27.6,6.3,0.0,1270.3
2007,Maharashtra,Chandrapur,0.0,0.0,9.8,22.8,10.1,343.1,339.5,386.3,264.1,73.1,6.4,0.0,1455.2
2008,Maharashtra,Chandrapur,2.6,12.7,53.5,2.9,3.2,141.5,318.2,398.6,133.9,7.3,0.0,0.0,1074.4
2009,Maharashtra,Chandrapur,0.0,0.0,1.8,7.4,12.9,64.3,335.8,186.0,64.8,49.7,0.0,0.0,722.7
2012,Maharashtra,Chandrapur,7.8,0.0,0.0,2.3,0.0,102.8,444.3,455.2,253.2,54.3,18.4,0.0,1338.3
2013,Maharashtra,Chandrapur,4.0,25.7,1.1,4.6,1.9,425.4,785.7,344.4,113.8,197.7,0.0,0.0,1904.3
2014,Maharashtra,Chandrapur,0.0,5.7,61.3,1.1,9.7,69.4,309.0,178.3,277.0,12.0,1.0,0.0,924.5
2015,Maharashtra,Chandrapur,35.5,2.2,59.8,26.8,34.2,331.6,154.7,294.0,246.1,6.8,0.0,0.0,1191.7
2003,Gujarat,Ahmedabad,0.0,0.0,0.0,0.0,0.0,161.1,225.4,327.3,77.2,0.0,0.0,0.0,791.0
2004,Gujarat,Ahmedabad,0.0,0.0,0.0,0.0,0.0,61.0,208.0,412.0,43.0,30.0,0.0,0.0,754.0
2005,Gujarat,Ahmedabad,0.0,0.0,0.0,0.0,0.0,364.0,268.0,190.0,320.0,0.0,0.0,0.0,1142.0
2006,Gujarat,Ahmedabad,0.0,0.0,0.0,0.0,0.0,95.0,461.0,274.0,111.0,0.0,0.0,0.0,941.0
2007,Gujarat,Ahmedabad,0.0,0.0,0.0,0.0,0.0,99.0,362.0,294.0,109.0,0.0,0.0,0.0,864.0
2008,Gujarat,Ahmedabad,0.0,0.0,0.0,0.7,0.0,26.7,221.9,233.6,273.5,8.4,0.0,2.0,766.8
2009,Gujarat,Ahmedabad,0.0,0.0,0.0,0.0,0.0,4.7,265.5,103.2,8.8,4.9,0.0,0.0,387.1
2012,Gujarat,Ahmedabad,0.0,0.0,0.0,0.3,0.0,25.8,66.1,133.1,181.4,0.0,0.0,0.0,406.7
2013,Gujarat,Ahmedabad,0.0,0.0,0.1,10.6,0.0,126.0,333.2,159.9,235.6,63.3,0.3,0.0,929.0
2014,Gujarat,Ahmedabad,1.5,0.0,0.0,5.1,1.5,5.3,364.6,108.1,203.2,0.1,8.7,0.0,698.1
2015,Gujarat,Ahmedabad,2.0,0.0,6.2,4.8,2.0,115.0,206.0,24.5,55.2,0.0,0.0,0.0,415.7
2003,Gujarat,Amreli,0.0,0.0,0.0,0.0,0.0,110.7,280.0,201.1,56.7,22.7,0.0,0.0,671.2
2004,Gujarat,Amreli,0.0,0.0,0.0,0.0,0.0,91.0,165.0,235.0,80.0,22.0,0.0,0.0,593.0
2005,Gujarat,Amreli,0.0,0.0,0.0,0.0,0.0,499.0,130.0,67.0,375.0,0.0,0.0,0.0,1071.0
2006,Gujarat,Amreli,0.0,0.0,0.0,0.0,0.0,179.0,483.0,82.0,76.0,3.0,0.0,0.0,823.0
2007,Gujarat,Amreli,0.0,0.0,0.0,0.0,0.0,118.0,274.0,326.0,343.0,3.0,0.0,0.0,1064.0
2008,Gujarat,Amreli,0.0,0.0,0.0,4.2,0.0,72.1,237.0,90.7,300.6,23.8,0.0,0.0,728.4
2009,Gujarat,Amreli,0.0,0.0,0.0,0.0,0.0,56.4,360.4,70.8,16.9,5.2,0.0,0.0,509.7
2012,Gujarat,Amreli,0.0,0.0,0.0,0.1,0.0,42.1,53.4,55.0,180.1,14.0,0.0,0.0,344.7
2013,Gujarat,Amreli,0.0,0.0,0.0,36.2,1.1,194.8,242.6,99.1,238.3,89.1,0.0,0.0,901.2
2014,Gujarat,Amreli,3.8,0.0,0.0,1.0,6.6,18.4,201.6,156.4,126.8,10.7,11.8,0.0,537.1
2015,Gujarat,Amreli,2.2,0.0,19.5,8.4,3.3,415.9,111.5,14.4,201.3,3.8,2.5,0.0,782.8
2003,Gujarat,Banaskantha,0.0,0.0,0.0,0.0,0.0,94.2,456.4,147.4,41.1,0.8,0.0,0.0,739.9
2004,Gujarat,Banaskantha,0.0,0.0,0.0,0.0,0.0,102.0,27.0,196.0,26.0,40.0,0.0,0.0,391.0
2005,Gujarat,Banaskantha,0.0,0.0,0.0,0.0,0.0,90.0,197.0,158.0,300.0,0.0,0.0,0.0,745.0
2006,Gujarat,Banaskantha,0.0,0.0,0.0,0.0,0.0,59.0,278.0,839.0,195.0,0.0,0.0,0.0,1371.0
2007,Gujarat,Banaskantha,0.0,0.0,0.0,0.0,0.0,44.0,520.0,217.0,63.0,0.0,0.0,0.0,844.0
2008,Gujarat,Banaskantha,0.0,0.1,0.0,7.6,0.0,27.5,88.2,312.0,102.0,1.1,0.0,0.6,539.1
2009,Gujarat,Banaskantha,0.0,0.0,0.3,0.0,0.0,9.9,283.1,74.1,2.5,0.0,0.0,0.0,369.9
2012,Gujarat,Banaskantha,0.0,0.0,0.0,0.0,0.0,22.6,109.5,133.0,173.9,0.2,0.0,0.0,439.2
2013,Gujarat,Banaskantha,0.0,3.9,0.3,9.5,0.0,130.3,314.4,162.6,265.8,79.5,0.0,0.0,966.3
2014,Gujarat,Banaskantha,3.4,0.0,0.0,0.0,5.7,3.7,152.1,87.9,277.2,0.0,0.0,0.0,530.0
2015,Gujarat,Banaskantha,2.1,0.0,2.4,6.8,0.0,50.9,712.2,32.6,27.9,0.0,0.0,0.0,834.9
2003,Gujarat,Bharuch,0.0,0.0,0.0,0.0,0.0,159.5,316.7,182.3,115.7,4.3,0.0,0.0,778.5
2004,Gujarat,Bharuch,0.0,0.0,0.0,0.0,0.0,111.0,215.0,398.0,41.0,21.0,0.0,0.0,786.0
2005,Gujarat,Bharuch,0.0,0.0,0.0,0.0,0.0,403.0,154.0,90.0,242.0,0.0,0.0,0.0,889.0
2006,Gujarat,Bharuch,0.0,0.0,0.0,0.0,0.0,60.0,544.0,226.0,85.0,5.0,0.0,0.0,920.0
2007,Gujarat,Bharuch,0.0,0.0,0.0,0.0,0.0,72.0,436.0,205.0,187.0,0.0,0.0,0.0,900.0
2008,Gujarat,Bharuch,0.0,0.0,0.0,3.0,0.0,47.1,267.7,226.3,209.7,2.8,0.9,0.0,757.5
2009,Gujarat,Bharuch,0.0,0.0,0.0,0.0,0.0,12.0,250.8,81.2,44.7,38.4,0.0,0.0,427.1
2012,Gujarat,Bharuch,0.0,0.0,0.0,0.0,0.0,38.7,73.2,91.7,192.4,5.7,0.0,0.0,401.7
2013,Gujarat,Bharuch,0.0,0.0,0.0,0.1,0.0,144.7,348.6,154.2,474.8,42.7,0.0,0.0,1165.1
2014,Gujarat,Bharuch,1.1,0.0,0.0,0.0,0.0,23.5,317.8,136.6,141.8,0.0,0.2,0.0,621.0
2015,Gujarat,Bharuch,1.2,0.0,8.9,2.4,1.3,147.7,167.6,12.9,109.8,1.6,0.0,0.0,453.4
2003,Gujarat,Vadodara / Baroda,0.0,0.0,0.0,0.0,0.0,207.6,391.4,323.8,130.3,0.0,0.0,0.0,1053.1
2004,Gujarat,Vadodara / Baroda,0.0,0.0,0.0,0.0,0.0,89.0,260.0,611.0,43.0,24.0,0.0,0.0,1027.0
2005,Gujarat,Vadodara / Baroda,0.0,0.0,0.0,0.0,0.0,448.0,370.0,165.0,345.0,0.0,0.0,0.0,1328.0
2006,Gujarat,Vadodara / Baroda,0.0,0.0,0.0,0.0,0.0,101.0,689.0,713.0,157.0,13.0,0.0,0.0,1673.0
2007,Gujarat,Vadodara / Baroda,0.0,0.0,0.0,0.0,0.0,123.0,534.0,256.0,270.0,0.0,0.0,0.0,1183.0
2008,Gujarat,Vadodara / Baroda,0.0,0.0,0.0,0.7,0.0,32.3,264.3,353.2,192.1,8.0,0.5,0.1,851.2
2009,Gujarat,Vadodara / Baroda,0.0,0.0,0.0,0.0,0.0,12.8,308.1,123.0,40.3,28.8,0.0,0.0,513.0
2012,Gujarat,Vadodara / Baroda,0.0,0.0,0.0,0.0,0.0,15.5,135.9,260.0,211.5,1.7,0.0,0.0,624.6
2013,Gujarat,Vadodara / Baroda,0.0,0.0,0.0,0.6,0.0,136.0,466.4,274.5,522.8,41.7,0.1,0.0,1442.1
2014,Gujarat,Vadodara / Baroda,18.7,1.9,0.1,0.0,0.1,6.2,321.2,118.8,243.6,3.5,1.5,0.0,715.6
2015,Gujarat,Vadodara / Baroda,0.0,0.0,4.9,1.9,0.9,106.3,227.5,20.4,67.2,0.5,2.1,0.0,431.7
2003,Gujarat,Bhavnagar,0.0,0.0,0.0,0.0,0.0,102.3,336.4,0.0,48.8,0.0,0.0,0.0,487.5
2004,Gujarat,Bhavnagar,0.0,0.0,0.0,0.0,0.0,81.0,201.0,168.0,34.0,25.0,0.0,0.0,509.0
2005,Gujarat,Bhavnagar,0.0,0.0,0.0,0.0,0.0,393.0,120.0,94.0,317.0,0.0,0.0,0.0,924.0
2006,Gujarat,Bhavnagar,0.0,0.0,0.0,0.0,0.0,127.0,453.0,93.0,59.0,1.0,0.0,0.0,733.0
2007,Gujarat,Bhavnagar,0.0,0.0,0.0,0.0,0.0,104.0,279.0,297.0,313.0,2.0,0.0,0.0,995.0
2008,Gujarat,Bhavnagar,0.0,0.0,0.0,1.9,0.0,39.8,221.1,186.6,279.6,11.7,0.0,0.0,740.7
2009,Gujarat,Bhavnagar,0.0,0.0,0.0,0.0,0.0,26.2,256.2,46.3,35.4,16.8,0.0,0.0,380.9
2012,Gujarat,Bhavnagar,0.0,0.0,0.0,0.0,0.7,53.2,89.8,79.1,142.3,16.4,0.0,0.0,381.5
2013,Gujarat,Bhavnagar,0.0,0.0,0.0,44.1,0.0,181.9,256.7,151.7,245.2,53.5,0.1,0.0,933.2
2014,Gujarat,Bhavnagar,0.8,0.0,0.0,0.0,1.9,20.6,222.0,122.8,111.4,10.4,5.9,0.0,495.8
2015,Gujarat,Bhavnagar,1.4,0.0,6.9,5.3,1.2,262.0,105.0,37.0,137.1,0.4,0.0,0.0,556.3
2003,Gujarat,Valsad,0.0,0.0,0.0,0.0,0.0,510.6,1020.1,514.2,309.5,2.2,0.0,0.0,2356.6
2004,Gujarat,Valsad,0.0,0.0,0.0,0.0,0.0,377.0,815.0,1235.0,113.0,49.0,0.0,0.0,2589.0
2005,Gujarat,Valsad,0.0,0.0,0.0,0.0,0.0,414.0,329.0,202.0,340.0,0.0,0.0,0.0,1285.0
2006,Gujarat,Valsad,0.0,0.0,0.0,0.0,0.0,317.0,1084.0,823.0,199.0,25.0,0.0,0.0,2448.0
2007,Gujarat,Valsad,0.0,0.0,0.0,0.0,0.0,250.0,768.0,730.0,497.0,0.0,0.0,0.0,2245.0
2008,Gujarat,Valsad,0.0,0.0,0.0,0.0,0.0,225.1,755.1,892.2,364.3,9.6,0.0,0.0,2246.3
2009,Gujarat,Valsad,0.0,0.0,0.0,0.0,0.0,115.0,1181.0,204.6,234.0,96.3,0.0,0.0,1830.9
2012,Gujarat,Valsad,0.0,0.0,0.0,0.0,0.0,105.3,523.9,358.1,472.2,37.7,0.0,0.0,1497.2
2013,Gujarat,Valsad,0.0,0.0,0.0,1.8,0.3,687.5,1093.2,425.5,538.1,57.7,0.0,0.0,2804.1
2014,Gujarat,Valsad,1.2,0.0,0.0,0.0,0.0,64.2,1154.4,448.5,287.1,6.7,8.0,0.0,1970.1
2015,Gujarat,Valsad,0.0,0.0,10.4,0.0,0.0,372.4,561.0,197.5,304.2,15.6,0.0,0.0,1461.1
2003,Gujarat,Dangs,0.0,0.0,0.0,0.0,0.0,491.0,831.0,514.0,325.0,28.0,0.0,0.0,2189.0
2004,Gujarat,Dangs,0.0,0.0,0.0,0.0,0.0,384.0,517.0,1373.0,235.0,131.0,0.0,0.0,2640.0
2005,Gujarat,Dangs,0.0,0.0,0.0,0.0,0.0,1450.0,833.0,774.0,745.0,0.0,0.0,0.0,3802.0
2006,Gujarat,Dangs,0.0,0.0,0.0,0.0,0.0,193.0,1269.0,954.0,151.0,59.0,0.0,0.0,2626.0
2007,Gujarat,Dangs,0.0,0.0,0.0,0.0,0.0,258.0,832.0,518.0,252.0,0.0,0.0,0.0,1860.0
2008,Gujarat,Dangs,0.0,0.0,0.0,0.0,0.0,65.0,546.0,1071.0,784.0,127.0,0.0,0.0,2593.0
2009,Gujarat,Dangs,0.0,0.0,0.0,0.0,0.0,37.0,866.0,154.0,250.0,166.0,0.0,0.0,1473.0
2012,Gujarat,Dangs,0.0,0.0,0.0,0.0,0.0,79.0,471.5,637.7,218.7,43.3,0.0,0.0,1450.2
2013,Gujarat,Dangs,0.0,0.3,0.0,3.0,0.0,209.4,521.5,400.5,460.2,44.4,2.7,0.0,1642.0
2014,Gujarat,Dangs,0.5,0.5,5.5,0.0,5.5,18.0,557.0,270.5,280.0,65.5,0.0,0.0,1203.0
2015,Gujarat,Dangs,0.0,0.0,9.5,62.0,2.0,179.0,443.7,84.0,329.5,55.5,8.5,0.0,1173.7
2003,Gujarat,Jamnagar,0.0,0.0,0.0,0.0,0.0,31.8,487.5,312.7,16.7,1.8,0.0,0.0,850.5
2004,Gujarat,Jamnagar,0.0,0.0,0.0,0.0,0.0,129.0,81.0,255.0,42.0,39.0,0.0,0.0,546.0
2005,Gujarat,Jamnagar,0.0,0.0,0.0,0.0,0.0,137.0,183.0,84.0,213.0,0.0,0.0,0.0,617.0
2006,Gujarat,Jamnagar,0.0,0.0,0.0,0.0,0.0,53.0,360.0,238.0,115.0,0.0,0.0,0.0,766.0
2007,Gujarat,Jamnagar,0.0,0.0,0.0,0.0,0.0,143.0,269.0,594.0,167.0,0.0,0.0,0.0,1173.0
2008,Gujarat,Jamnagar,0.5,0.7,0.1,0.0,0.0,139.2,156.9,83.7,192.6,0.8,0.5,2.5,577.5
2009,Gujarat,Jamnagar,0.0,0.0,0.0,0.0,0.0,128.4,629.7,142.8,12.5,4.4,0.0,0.0,917.8
2012,Gujarat,Jamnagar,0.0,0.0,0.0,0.0,0.0,17.5,38.2,21.8,288.9,0.0,0.0,0.8,367.2
2013,Gujarat,Jamnagar,1.3,0.6,0.1,0.0,0.0,180.9,236.6,115.8,362.2,36.6,0.0,0.0,934.1
2014,Gujarat,Jamnagar,0.0,0.0,0.0,0.0,0.0,18.1,183.9,214.7,119.4,4.0,1.4,0.0,541.5
2015,Gujarat,Jamnagar,1.1,0.0,2.4,0.0,0.0,126.1,174.7,19.2,115.3,11.2,0.0,0.0,450.0
2003,Gujarat,Junagadh,0.0,0.0,0.0,0.0,0.0,158.1,356.1,384.4,66.5,4.6,0.0,0.0,969.7
2004,Gujarat,Junagadh,0.0,0.0,0.0,0.0,0.0,217.0,165.0,550.0,56.0,16.0,0.0,0.0,1004.0
2005,Gujarat,Junagadh,0.0,0.0,0.0,0.0,0.0,372.0,174.0,85.0,330.0,0.0,0.0,0.0,961.0
2006,Gujarat,Junagadh,0.0,0.0,0.0,0.0,0.0,145.0,527.0,213.0,118.0,6.0,0.0,0.0,1009.0
2007,Gujarat,Junagadh,0.0,0.0,0.0,0.0,0.0,139.0,231.0,890.0,326.0,6.0,0.0,0.0,1592.0
2012,Gujarat,Junagadh,0.0,0.0,0.0,0.4,0.0,17.4,70.5,66.4,275.1,0.0,0.0,0.0,429.8
2013,Gujarat,Junagadh,0.0,0.0,0.0,0.6,0.0,404.7,368.2,100.7,241.8,76.4,0.0,0.0,1192.4
2014,Gujarat,Junagadh,0.0,0.0,1.1,0.6,0.0,119.5,258.1,300.8,213.8,20.4,16.1,0.0,930.4
2015,Gujarat,Junagadh,3.4,0.0,8.2,4.5,0.0,237.9,149.7,12.2,199.2,6.2,1.9,0.0,623.2
2003,Gujarat,Kheda,0.0,0.0,0.0,0.0,0.0,100.8,519.6,351.8,128.8,0.0,0.0,0.0,1101.0
2004,Gujarat,Kheda,0.0,0.0,0.0,0.0,0.0,59.0,158.0,583.0,20.0,21.0,0.0,0.0,841.0
2005,Gujarat,Kheda,0.0,0.0,0.0,0.0,0.0,307.0,494.0,150.0,322.0,0.0,0.0,0.0,1273.0
2006,Gujarat,Kheda,0.0,0.0,0.0,0.0,0.0,57.0,611.0,628.0,91.0,1.0,0.0,0.0,1388.0
2007,Gujarat,Kheda,0.0,0.0,0.0,0.0,0.0,58.0,501.0,383.0,172.0,0.0,0.0,0.0,1114.0
2008,Gujarat,Kheda,0.0,0.0,0.0,0.0,0.0,35.9,207.0,313.5,201.5,0.0,0.0,0.2,758.1
2009,Gujarat,Kheda,0.0,0.0,0.0,0.0,0.0,1.7,285.0,144.8,3.0,13.6,0.0,0.0,448.1
2012,Gujarat,Kheda,0.0,0.0,0.0,0.0,0.0,25.0,124.9,222.5,272.0,0.0,0.0,0.0,644.4
2013,Gujarat,Kheda,0.0,0.0,0.0,6.8,0.0,127.9,409.8,191.5,231.9,59.3,0.0,0.0,1027.2
2014,Gujarat,Kheda,22.7,0.0,0.0,0.2,0.1,2.7,313.7,161.8,299.6,0.0,0.0,0.0,800.8
2015,Gujarat,Kheda,2.7,0.0,3.6,4.3,5.4,109.2,287.1,25.0,82.2,0.0,0.0,0.1,519.6
2003,Gujarat,Kutch,0.0,0.0,0.0,0.0,0.0,28.3,515.8,110.5,1.1,0.0,0.0,0.0,655.7
2004,Gujarat,Kutch,0.0,0.0,0.0,0.0,0.0,78.0,15.0,145.0,30.0,25.0,0.0,0.0,293.0
2005,Gujarat,Kutch,0.0,0.0,0.0,0.0,0.0,57.0,98.0,23.0,127.0,0.0,0.0,0.0,305.0
2006,Gujarat,Kutch,0.0,0.0,0.0,0.0,0.0,20.0,268.0,250.0,33.0,0.0,0.0,0.0,571.0
2007,Gujarat,Kutch,0.0,0.0,0.0,0.0,0.0,86.0,108.0,309.0,54.0,3.0,0.0,0.0,560.0
2008,Gujarat,Kutch,0.1,0.1,0.0,0.0,0.0,63.2,38.0,84.0,113.2,0.1,1.1,14.6,314.4
2009,Gujarat,Kutch,0.0,0.0,0.0,0.0,0.0,42.4,323.5,124.6,6.4,0.9,0.0,0.0,497.8
2012,Gujarat,Kutch,0.0,0.0,0.0,0.3,0.0,3.1,6.3,12.7,228.8,0.0,0.0,2.2,253.4
2013,Gujarat,Kutch,4.1,0.3,0.2,4.1,0.0,69.8,147.2,86.6,326.9,12.9,0.0,0.0,652.1
2014,Gujarat,Kutch,0.0,0.0,0.0,0.0,2.1,2.7,101.5,100.5,81.2,2.2,0.6,0.0,290.8
2015,Gujarat,Kutch,0.8,0.0,2.1,2.2,1.2,37.2,377.5,7.0,52.0,3.9,0.0,0.0,483.9
2003,Gujarat,Mehsana,0.0,0.0,0.0,0.0,0.0,63.6,473.1,286.6,57.2,0.0,0.0,0.0,880.5
2004,Gujarat,Mehsana,0.0,0.0,0.0,0.0,0.0,100.0,93.0,300.0,38.0,22.0,0.0,0.0,553.0
2005,Gujarat,Mehsana,0.0,0.0,0.0,0.0,0.0,154.0,453.0,290.0,323.0,0.0,0.0,0.0,1220.0
2006,Gujarat,Mehsana,0.0,0.0,0.0,0.0,0.0,101.0,359.0,810.0,150.0,0.0,0.0,0.0,1420.0
2007,Gujarat,Mehsana,0.0,0.0,0.0,0.0,0.0,39.0,678.0,343.0,59.0,0.0,0.0,0.0,1119.0
2008,Gujarat,Mehsana,0.0,0.0,0.0,5.0,0.0,47.4,140.6,329.9,73.6,3.2,0.0,7.7,607.4
2009,Gujarat,Mehsana,0.0,0.0,0.0,0.0,0.0,1.3,284.7,152.2,9.6,0.5,0.0,0.0,448.3
2012,Gujarat,Mehsana,2.0,0.0,0.0,0.0,0.0,26.5,114.2,126.7,187.3,0.0,0.0,0.0,456.7
2013,Gujarat,Mehsana,0.0,1.4,0.0,2.3,0.0,109.9,455.1,138.9,127.3,70.0,0.0,0.0,904.9
2014,Gujarat,Mehsana,0.0,0.0,0.0,0.0,2.1,5.7,290.0,119.4,351.5,0.2,0.0,0.0,768.9
2015,Gujarat,Mehsana,5.1,0.0,4.3,5.7,2.6,79.0,505.9,47.4,38.3,0.0,0.0,0.0,688.3
2003,Gujarat,Panchmahal,0.0,0.0,0.0,0.0,0.0,196.2,460.8,342.7,107.2,0.0,0.0,0.0,1106.9
2004,Gujarat,Panchmahal,0.0,0.0,0.0,0.0,0.0,66.0,198.0,651.0,25.0,15.0,0.0,0.0,955.0
2005,Gujarat,Panchmahal,0.0,0.0,0.0,0.0,0.0,128.0,365.0,124.0,258.0,0.0,0.0,0.0,875.0
2006,Gujarat,Panchmahal,0.0,0.0,0.0,0.0,0.0,98.0,460.0,749.0,129.0,9.0,0.0,0.0,1445.0
2007,Gujarat,Panchmahal,0.0,0.0,0.0,0.0,0.0,37.0,503.0,303.0,173.0,0.0,0.0,0.0,1016.0
2008,Gujarat,Panchmahal,0.0,0.0,0.0,0.0,0.0,34.0,213.2,316.6,104.1,6.0,0.0,0.0,673.9
2009,Gujarat,Panchmahal,0.0,0.0,0.0,0.0,0.0,14.4,258.9,151.1,37.6,15.1,0.0,0.0,477.1
2012,Gujarat,Panchmahal,0.0,0.0,0.0,0.0,0.0,14.4,178.2,303.3,282.8,0.0,0.0,0.0,778.7
2013,Gujarat,Panchmahal,0.0,0.0,0.0,8.5,0.4,103.3,450.1,275.1,195.7,70.4,0.0,0.0,1103.5
2014,Gujarat,Panchmahal,5.7,0.0,0.0,0.1,0.0,0.9,266.1,168.6,341.9,2.5,0.0,0.0,785.8
2015,Gujarat,Panchmahal,0.0,0.0,1.3,3.1,0.0,136.4,264.8,40.7,38.0,0.0,0.0,0.0,484.3
2003,Gujarat,Rajkot,0.0,0.0,0.0,0.0,0.0,133.8,356.6,248.6,33.6,4.1,0.0,0.0,776.7
2004,Gujarat,Rajkot,0.0,0.0,0.0,0.0,0.0,89.0,130.0,265.0,44.0,30.0,0.0,0.0,558.0
2005,Gujarat,Rajkot,0.0,0.0,0.0,0.0,0.0,274.0,100.0,107.0,248.0,0.0,0.0,0.0,729.0
2006,Gujarat,Rajkot,0.0,0.0,0.0,0.0,0.0,84.0,491.0,148.0,120.0,0.0,0.0,0.0,843.0
2007,Gujarat,Rajkot,0.0,0.0,0.0,0.0,0.0,137.0,259.0,463.0,187.0,1.0,0.0,0.0,1047.0
2012,Gujarat,Rajkot,0.0,0.0,0.0,0.0,0.0,54.2,55.3,34.0,195.3,1.7,0.0,0.0,340.5
2013,Gujarat,Rajkot,0.0,0.0,0.0,7.6,0.4,222.2,252.4,114.1,394.1,37.2,0.0,0.0,1028.0
2014,Gujarat,Rajkot,0.0,0.0,0.3,0.4,8.7,31.9,170.1,174.0,109.0,12.5,2.3,0.0,509.2
2015,Gujarat,Rajkot,1.1,0.0,7.0,0.3,0.4,217.5,204.7,22.9,132.4,2.4,0.0,0.0,588.7
2003,Gujarat,Sabarkantha,0.0,0.0,0.0,0.0,0.0,74.0,432.8,304.0,65.7,0.0,0.0,0.0,876.5
2004,Gujarat,Sabarkantha,0.0,0.0,0.0,0.0,0.0,119.0,129.0,439.0,23.0,22.0,0.0,0.0,732.0
2005,Gujarat,Sabarkantha,0.0,0.0,0.0,0.0,0.0,75.0,452.0,229.0,281.0,0.0,0.0,0.0,1037.0
2006,Gujarat,Sabarkantha,0.0,0.0,0.0,0.0,0.0,126.0,436.0,922.0,236.0,1.0,0.0,0.0,1721.0
2007,Gujarat,Sabarkantha,0.0,0.0,0.0,0.0,0.0,54.0,821.0,322.0,97.0,0.0,0.0,0.0,1294.0
2008,Gujarat,Sabarkantha,0.0,0.0,0.0,1.9,0.0,39.2,208.2,311.6,99.3,7.2,0.0,1.2,668.6
2009,Gujarat,Sabarkantha,0.0,0.0,0.0,0.0,0.0,13.0,404.9,209.6,29.3,3.1,0.0,0.0,659.9
2012,Gujarat,Sabarkantha,0.0,0.0,0.0,0.2,0.0,17.0,225.9,167.6,381.4,0.0,0.0,0.0,792.1
2013,Gujarat,Sabarkantha,0.0,4.0,0.0,19.5,0.0,111.2,472.3,262.0,181.1,84.6,0.0,0.0,1134.7
2014,Gujarat,Sabarkantha,23.0,0.0,0.0,0.2,0.7,4.3,309.7,168.9,430.8,2.2,0.0,0.0,939.8
2015,Gujarat,Sabarkantha,3.7,0.0,10.1,8.5,0.8,189.4,396.1,53.3,88.7,0.0,0.0,0.0,750.6
2003,Gujarat,Surat,0.0,0.0,0.0,0.0,0.0,520.2,769.3,580.2,220.6,6.2,0.0,0.0,2096.5
2004,Gujarat,Surat,0.0,0.0,0.0,0.0,0.0,263.0,470.0,928.0,117.0,33.0,0.0,0.0,1811.0
2005,Gujarat,Surat,0.0,0.0,0.0,0.0,0.0,857.0,539.0,437.0,472.0,0.0,0.0,0.0,2305.0
2006,Gujarat,Surat,0.0,0.0,0.0,0.0,0.0,282.0,1175.0,474.0,99.0,29.0,0.0,0.0,2059.0
2007,Gujarat,Surat,0.0,0.0,0.0,0.0,0.0,174.0,499.0,518.0,364.0,0.0,0.0,0.0,1555.0
2008,Gujarat,Surat,0.0,0.1,0.0,0.0,0.0,190.4,521.7,503.5,378.8,27.3,0.0,0.2,1622.0
2009,Gujarat,Surat,0.0,0.0,0.0,0.0,0.0,30.8,757.6,238.9,181.8,82.5,0.0,0.0,1291.6
2012,Gujarat,Surat,0.0,0.0,0.0,0.0,0.0,58.1,200.5,179.6,369.2,9.5,0.0,0.0,816.9
2013,Gujarat,Surat,0.0,0.0,0.0,1.2,0.0,416.9,642.2,328.7,516.7,53.0,0.0,0.0,1958.7
2014,Gujarat,Surat,10.4,0.1,0.0,0.0,0.4,36.4,369.4,198.1,227.7,6.6,0.5,0.0,849.6
2015,Gujarat,Surat,0.0,0.0,8.9,6.2,0.0,273.6,310.4,40.2,260.0,0.6,0.0,0.0,899.9
2003,Gujarat,Surendranagar,0.0,0.0,0.0,0.0,0.0,98.1,200.6,168.4,48.4,0.0,0.0,0.0,515.5
2004,Gujarat,Surendranagar,0.0,0.0,0.0,0.0,0.0,92.0,134.0,332.0,32.0,18.0,0.0,0.0,608.0
2005,Gujarat,Surendranagar,0.0,0.0,0.0,0.0,0.0,310.0,173.0,137.0,347.0,0.0,0.0,0.0,967.0
2006,Gujarat,Surendranagar,0.0,0.0,0.0,0.0,0.0,67.0,373.0,108.0,104.0,0.0,0.0,0.0,652.0
2007,Gujarat,Surendranagar,0.0,0.0,0.0,0.0,0.0,127.0,372.0,228.0,110.0,3.0,0.0,0.0,840.0
2008,Gujarat,Surendranagar,0.0,0.0,0.0,2.7,0.0,37.2,90.6,164.6,426.6,8.1,0.0,8.7,738.5
2009,Gujarat,Surendranagar,0.0,0.0,0.0,0.0,0.0,32.1,180.9,65.9,0.3,0.2,0.0,0.0,279.4
2012,Gujarat,Surendranagar,0.0,0.0,0.0,0.0,0.0,49.4,26.8,37.3,217.1,0.1,0.0,0.0,330.7
2013,Gujarat,Surendranagar,0.0,0.3,0.0,6.8,0.0,150.9,172.6,67.9,250.0,23.8,0.0,0.0,672.3
2014,Gujarat,Surendranagar,0.0,0.0,0.0,4.0,0.0,18.4,249.7,70.6,185.4,2.0,0.0,0.0,530.1
2015,Gujarat,Surendranagar,0.3,0.0,2.6,0.2,0.0,85.0,234.2,4.3,45.6,2.7,0.0,0.0,374.9
2003,Rajasthan,Ajmer,0.1,43.2,0.0,0.0,0.5,58.8,171.5,166.5,36.0,0.0,0.0,0.0,476.6
2004,Rajasthan,Ajmer,2.3,0.0,0.0,0.0,13.4,21.1,120.4,282.5,15.4,11.6,0.0,0.0,466.7
2005,Rajasthan,Ajmer,0.2,2.9,9.5,28.1,2.4,57.0,148.1,79.9,170.6,0.0,0.0,0.0,498.7
2006,Rajasthan,Ajmer,0.0,0.0,0.7,0.0,29.0,48.3,101.7,219.4,43.4,0.1,0.0,0.0,442.6
2007,Rajasthan,Ajmer,0.4,10.6,4.5,0.5,0.9,47.1,172.9,92.6,46.3,0.0,0.0,1.8,377.6
2008,Rajasthan,Ajmer,0.0,0.0,0.4,5.7,15.4,89.7,86.4,189.7,85.9,19.1,0.0,0.0,492.3
2009,Rajasthan,Ajmer,0.1,0.0,1.3,0.3,1.5,13.6,152.0,60.5,18.9,0.4,0.0,0.0,248.6
2010,Rajasthan,Ajmer,0.0,0.0,0.0,0.0,0.0,5.8,148.2,278.6,112.5,0.0,106.3,5.9,657.3
2011,Rajasthan,Ajmer,0.0,32.9,0.0,0.3,0.8,91.7,129.6,267.3,140.8,0.0,0.0,0.0,663.4
2012,Rajasthan,Ajmer,0.0,0.0,0.0,5.2,17.0,11.3,89.5,383.1,105.7,0.2,0.0,0.0,612.0
2013,Rajasthan,Ajmer,1.0,11.1,0.0,0.5,0.1,68.6,141.9,163.0,159.7,11.2,1.5,0.0,558.6
2014,Rajasthan,Ajmer,10.0,5.3,3.5,4.9,16.6,4.7,148.8,263.2,110.5,5.4,0.0,0.0,572.9
2015,Rajasthan,Ajmer,12.4,0.0,49.6,15.1,0.1,51.5,217.3,111.8,4.1,0.0,0.0,0.0,461.9
2003,Rajasthan,Alwar,20.9,36.4,2.6,0.0,10.9,48.5,363.8,268.1,81.6,0.0,0.0,14.0,846.8
2004,Rajasthan,Alwar,2.9,0.0,0.0,1.4,13.1,20.9,33.5,293.0,6.5,52.4,4.9,0.0,428.6
2005,Rajasthan,Alwar,0.6,10.1,21.3,2.4,9.3,138.8,300.5,43.0,159.6,0.0,0.0,0.0,685.6
2006,Rajasthan,Alwar,0.0,0.1,22.2,0.1,6.3,34.9,265.0,59.3,57.5,2.0,0.0,0.6,448.0
2007,Rajasthan,Alwar,0.5,50.0,43.3,9.8,4.3,56.4,105.6,158.0,127.0,0.0,0.0,2.3,557.2
2008,Rajasthan,Alwar,0.0,0.0,0.0,13.6,79.1,296.1,127.9,153.3,210.9,0.0,0.0,0.0,880.9
2009,Rajasthan,Alwar,0.0,0.0,1.9,1.4,1.8,33.2,144.5,156.2,140.7,1.4,0.0,0.0,481.1
2010,Rajasthan,Alwar,7.0,23.0,0.0,0.0,0.0,40.4,214.2,272.5,233.0,3.6,21.8,4.5,820.0
2011,Rajasthan,Alwar,0.1,28.3,4.8,0.0,27.4,78.8,120.9,193.0,193.8,0.0,0.0,0.0,647.1
2012,Rajasthan,Alwar,1.4,0.0,0.0,2.4,10.1,12.4,133.1,324.8,114.5,0.0,0.0,0.0,598.7
2013,Rajasthan,Alwar,0.0,58.4,0.0,3.8,3.5,62.9,216.0,255.2,41.8,21.4,0.0,0.0,663.0
2014,Rajasthan,Alwar,12.8,13.7,12.8,1.8,7.7,49.6,95.2,125.4,115.4,0.0,0.0,2.1,436.5
2015,Rajasthan,Alwar,16.5,0.0,113.5,36.2,3.7,34.4,116.2,133.8,55.3,5.4,3.2,0.0,518.2
2003,Rajasthan,Banswara,0.1,24.5,0.0,0.0,0.0,132.3,323.7,214.1,145.7,0.0,0.0,0.0,840.4
2004,Rajasthan,Banswara,0.0,0.0,0.0,0.0,11.0,108.7,160.1,739.6,32.7,28.1,0.0,0.0,1080.2
2005,Rajasthan,Banswara,0.0,0.0,0.0,0.0,2.3,64.4,327.9,141.7,222.1,0.0,0.0,0.0,758.4
2006,Rajasthan,Banswara,0.0,0.0,0.3,0.0,0.0,111.5,526.0,839.4,318.4,4.9,0.7,0.0,1801.2
2007,Rajasthan,Banswara,0.0,0.0,0.0,0.0,0.0,64.6,557.9,425.4,195.3,0.0,0.0,0.0,1243.2
2008,Rajasthan,Banswara,0.0,0.0,0.0,0.0,0.0,77.1,176.0,147.0,84.7,0.9,2.9,0.0,488.6
2009,Rajasthan,Banswara,0.0,0.0,0.0,0.0,0.0,47.0,317.9,222.5,117.2,11.9,0.0,0.0,716.5
2010,Rajasthan,Banswara,0.0,0.0,0.0,0.0,0.0,16.9,181.3,307.4,100.3,4.9,17.2,0.0,628.0
2011,Rajasthan,Banswara,0.0,0.0,0.0,0.0,0.0,48.1,266.5,608.6,166.5,0.0,0.0,0.0,1089.7
2012,Rajasthan,Banswara,0.0,0.0,0.0,0.0,0.1,19.5,348.0,448.5,271.5,0.0,0.0,0.0,1087.6
2013,Rajasthan,Banswara,0.0,11.9,0.0,12.1,0.0,84.2,469.7,246.2,178.3,56.2,0.0,0.0,1058.6
2014,Rajasthan,Banswara,67.5,6.3,0.0,0.5,0.0,0.0,234.3,159.4,253.6,0.8,0.0,0.0,722.4
2015,Rajasthan,Banswara,0.1,0.0,7.3,3.0,0.0,122.6,407.7,112.6,26.1,0.7,0.0,0.0,680.1
2003,Rajasthan,Barmer,1.4,25.3,0.0,0.0,0.8,70.9,270.1,109.9,0.0,0.0,0.0,0.0,478.4
2004,Rajasthan,Barmer,-1.0,-1.0,-1.0,-1.0,-1.0,31.1,20.0,100.0,10.3,34.8,0.0,0.0,-1.0
2005,Rajasthan,Barmer,0.0,0.4,0.0,6.0,15.0,18.6,41.8,44.9,55.6,0.0,0.0,0.0,182.3
2006,Rajasthan,Barmer,0.0,0.0,44.0,0.0,34.0,52.0,34.0,592.0,36.0,0.0,0.0,0.0,792.0
2007,Rajasthan,Barmer,0.0,50.3,27.8,0.9,11.2,20.4,88.9,67.6,49.5,0.0,0.0,3.9,320.5
2008,Rajasthan,Barmer,0.0,0.0,0.0,1.6,17.5,3.0,-1.0,-1.0,-1.0,-1.0,-1.0,-1.0,-1.0
2009,Rajasthan,Barmer,-1.0,-1.0,-1.0,-1.0,-1.0,-1.0,-1.0,-1.0,-1.0,-1.0,-1.0,-1.0,-1.0
2010,Rajasthan,Barmer,5.0,0.0,0.0,0.0,0.0,21.9,178.5,197.1,107.3,0.4,40.6,0.0,550.8
2011,Rajasthan,Barmer,0.0,9.8,0.0,0.0,1.0,1.3,76.4,208.3,145.6,0.0,0.0,0.0,442.4
2012,Rajasthan,Barmer,0.0,0.0,0.0,0.0,1.6,3.5,21.3,82.0,114.6,0.0,0.0,0.0,223.0
2013,Rajasthan,Barmer,1.2,8.7,0.0,2.5,3.9,43.8,119.2,139.5,62.5,24.1,0.0,0.0,405.4
2014,Rajasthan,Barmer,0.0,0.0,0.0,0.7,13.6,4.3,77.7,42.5,90.4,0.0,0.0,0.0,229.2
2015,Rajasthan,Barmer,1.7,0.0,3.7,8.0,13.0,39.8,302.3,24.7,60.7,0.7,0.0,0.0,454.6
2003,Rajasthan,Bharatpur,14.3,32.1,1.2,0.0,7.4,24.5,289.6,263.2,116.5,0.0,0.0,3.2,752.0
2004,Rajasthan,Bharatpur,8.2,0.0,0.0,3.0,28.4,72.2,59.7,273.4,19.7,41.1,0.0,0.0,505.7
2005,Rajasthan,Bharatpur,0.2,7.2,16.8,1.2,3.9,20.0,486.9,92.2,69.7,0.0,0.0,0.0,698.1
2006,Rajasthan,Bharatpur,0.0,0.0,14.3,0.0,13.1,38.6,163.6,61.8,72.4,0.8,0.0,0.5,365.1
2007,Rajasthan,Bharatpur,0.0,7.8,7.2,0.5,1.7,115.4,111.4,99.2,79.1,0.0,0.0,0.0,422.3
2008,Rajasthan,Bharatpur,0.0,0.0,0.0,0.0,0.0,231.6,264.5,188.8,99.5,0.0,0.0,0.0,784.4
2009,Rajasthan,Bharatpur,0.0,0.0,0.0,0.0,0.0,29.0,185.1,188.4,115.8,9.8,0.0,0.0,528.1
2010,Rajasthan,Bharatpur,17.0,0.0,0.0,0.0,0.0,31.4,175.2,196.5,326.0,1.9,41.1,1.2,790.3
2011,Rajasthan,Bharatpur,0.0,33.8,0.0,2.4,10.1,135.1,226.6,159.1,184.5,0.0,0.0,0.0,751.6
2012,Rajasthan,Bharatpur,26.3,0.0,0.0,11.7,1.8,16.0,175.3,365.7,127.9,0.0,0.0,0.0,724.7
2013,Rajasthan,Bharatpur,1.1,9.4,0.0,0.7,3.8,34.1,188.7,237.4,44.9,30.6,0.0,0.0,550.7
2014,Rajasthan,Bharatpur,23.3,6.5,13.2,0.2,1.6,69.3,138.8,146.1,86.6,0.0,0.0,0.0,485.6
2015,Rajasthan,Bharatpur,25.9,0.0,65.0,27.8,13.4,54.0,161.7,161.7,18.8,16.1,1.0,3.7,549.1
2003,Rajasthan,Bhilwara,0.0,30.5,0.0,0.2,0.0,79.4,213.6,169.5,89.5,1.0,1.2,0.0,584.9
2004,Rajasthan,Bhilwara,0.0,0.0,0.0,0.0,13.7,37.5,168.8,592.6,32.7,32.5,0.0,0.0,877.8
2005,Rajasthan,Bhilwara,0.0,0.0,0.0,21.3,5.0,59.0,166.2,73.1,238.9,0.0,0.0,0.0,563.5
2006,Rajasthan,Bhilwara,0.0,0.0,6.5,0.0,12.8,73.0,172.2,390.5,68.3,0.0,0.0,0.0,723.3
2007,Rajasthan,Bhilwara,0.0,23.0,5.9,0.0,0.1,44.6,318.9,122.3,55.9,0.0,0.0,0.0,570.7
2008,Rajasthan,Bhilwara,0.0,0.0,0.0,13.1,4.1,94.3,128.7,144.3,120.7,0.0,0.1,0.0,505.3
2009,Rajasthan,Bhilwara,0.0,0.0,7.4,0.0,1.3,25.3,214.6,88.8,12.5,4.5,0.0,0.0,354.4
2010,Rajasthan,Bhilwara,0.0,0.0,0.0,0.0,0.0,31.8,147.4,262.9,126.7,0.7,145.1,17.7,732.3
2011,Rajasthan,Bhilwara,0.0,6.1,0.0,0.0,1.5,132.0,167.8,291.0,135.8,0.0,0.0,0.0,734.2
2012,Rajasthan,Bhilwara,0.0,0.0,0.0,6.5,19.5,18.2,118.0,349.0,129.7,0.0,0.1,0.0,641.0
2013,Rajasthan,Bhilwara,0.0,19.4,0.0,0.4,0.9,58.0,268.9,232.5,103.0,8.0,0.0,0.0,691.1
2014,Rajasthan,Bhilwara,29.3,9.1,0.7,9.8,13.8,16.5,191.4,368.8,109.1,0.0,0.0,0.0,748.5
2015,Rajasthan,Bhilwara,6.9,0.0,63.9,3.3,4.3,86.8,291.7,78.3,11.9,0.2,0.0,0.5,547.8
2003,Rajasthan,Bikaner,6.6,16.1,4.4,0.3,2.5,11.8,159.0,81.1,16.4,1.5,0.0,0.0,299.7
2004,Rajasthan,Bikaner,3.5,0.0,0.0,4.1,0.8,31.6,2.5,59.4,4.5,9.3,0.0,2.5,118.2
2005,Rajasthan,Bikaner,1.8,27.8,13.1,2.9,6.5,39.6,105.0,4.6,65.8,0.0,0.0,0.0,267.1
2006,Rajasthan,Bikaner,0.0,0.0,13.1,0.7,9.9,55.1,29.5,43.3,24.6,22.6,0.0,1.7,200.5
2007,Rajasthan,Bikaner,0.0,60.9,35.6,0.8,6.6,43.9,74.9,61.5,43.4,0.0,0.0,0.0,327.6
2008,Rajasthan,Bikaner,0.2,0.3,0.8,36.1,54.9,54.9,44.4,114.9,24.9,0.0,0.0,6.8,338.2
2009,Rajasthan,Bikaner,2.0,7.9,15.5,0.0,16.2,21.8,108.5,23.2,8.5,0.1,0.0,0.0,203.7
2010,Rajasthan,Bikaner,1.0,0.0,0.0,0.0,12.0,77.8,92.9,125.8,103.8,0.0,2.4,5.1,420.8
2011,Rajasthan,Bikaner,0.0,13.3,2.6,0.8,12.4,11.8,84.4,123.4,92.1,0.0,0.0,0.0,340.8
2012,Rajasthan,Bikaner,0.6,0.0,0.0,5.3,33.1,4.3,22.3,172.4,72.5,3.5,0.0,6.2,320.2
2013,Rajasthan,Bikaner,5.8,37.5,7.4,7.3,0.2,22.4,98.2,113.2,6.8,4.4,0.4,0.0,303.6
2014,Rajasthan,Bikaner,0.0,0.7,3.8,9.9,34.9,27.2,78.2,50.5,66.7,0.0,0.0,0.0,271.9
2015,Rajasthan,Bikaner,0.2,2.8,60.5,43.3,37.7,44.0,162.0,93.9,33.9,1.9,0.0,0.0,480.2
2003,Rajasthan,Bundi,1.2,22.5,0.0,0.0,2.1,110.6,231.0,196.2,127.7,0.0,0.0,1.2,692.5
2004,Rajasthan,Bundi,0.0,0.0,0.0,0.0,6.0,12.7,55.7,410.0,10.7,21.0,0.0,0.0,516.1
2005,Rajasthan,Bundi,0.0,0.0,4.3,10.0,0.3,69.7,255.0,37.0,186.0,0.0,0.0,0.0,562.3
2006,Rajasthan,Bundi,0.0,0.0,3.0,0.0,3.8,57.5,184.3,204.9,64.4,0.0,0.0,0.0,517.9
2007,Rajasthan,Bundi,0.0,32.4,12.2,0.0,3.3,147.9,212.3,119.8,56.0,0.0,0.0,1.8,585.7
2008,Rajasthan,Bundi,0.0,0.0,0.5,0.0,1.8,164.9,167.8,117.5,107.0,1.5,3.8,0.0,564.8
2009,Rajasthan,Bundi,0.0,0.0,0.0,0.0,0.3,35.5,207.8,99.9,23.5,9.2,0.0,0.0,376.2
2010,Rajasthan,Bundi,0.0,8.0,0.0,0.0,0.0,22.7,137.8,268.3,123.3,0.0,93.5,3.7,657.3
2011,Rajasthan,Bundi,0.0,1.9,0.0,0.0,0.9,236.6,179.9,253.8,168.3,0.0,0.0,0.0,841.4
2012,Rajasthan,Bundi,0.0,0.0,0.0,8.8,11.1,11.1,156.9,298.1,108.9,0.0,0.0,0.0,594.9
2013,Rajasthan,Bundi,0.0,16.4,0.0,0.0,0.0,77.0,419.3,314.9,37.2,31.5,0.0,0.3,896.6
2014,Rajasthan,Bundi,40.0,8.2,2.0,5.7,12.4,20.7,132.3,445.3,82.5,7.5,0.0,0.0,756.6
2015,Rajasthan,Bundi,21.7,0.0,125.1,5.8,2.3,130.5,283.0,224.2,3.7,0.0,0.0,0.0,796.3
2003,Rajasthan,Chittorgarh,0.1,31.1,0.0,0.3,4.8,121.7,172.5,183.8,159.1,0.0,0.0,0.0,673.4
2004,Rajasthan,Chittorgarh,0.4,0.0,0.0,0.0,0.3,57.2,193.9,611.3,37.0,59.7,0.0,0.0,959.8
2005,Rajasthan,Chittorgarh,0.0,0.0,0.0,4.0,0.6,44.5,252.7,138.8,198.0,0.0,0.0,0.0,638.6
2006,Rajasthan,Chittorgarh,0.0,0.0,6.9,0.0,1.7,140.3,244.2,602.1,126.6,0.0,0.0,0.0,1121.8
2007,Rajasthan,Chittorgarh,0.0,8.4,0.6,0.0,0.0,22.2,316.2,213.7,48.8,0.0,0.0,0.4,610.3
2008,Rajasthan,Chittorgarh,0.0,0.0,1.2,12.0,6.2,98.6,286.6,279.8,121.2,8.2,0.0,0.0,813.8
2009,Rajasthan,Chittorgarh,0.0,0.0,0.9,0.0,8.0,49.8,313.3,197.1,61.9,9.8,0.0,0.0,640.8
2010,Rajasthan,Chittorgarh,0.0,0.0,0.0,0.0,0.0,46.3,239.2,335.5,107.9,0.0,86.9,12.5,828.3
2011,Rajasthan,Chittorgarh,0.0,0.0,0.0,0.0,1.1,116.9,259.8,326.3,156.9,0.0,0.0,0.0,861.0
2012,Rajasthan,Chittorgarh,0.0,0.0,0.0,1.2,20.7,21.2,159.0,432.8,126.8,0.0,0.0,0.0,761.7
2013,Rajasthan,Chittorgarh,0.0,1.2,0.0,2.8,0.2,112.5,364.9,314.7,116.9,15.4,1.8,0.0,930.4
2014,Rajasthan,Chittorgarh,32.3,10.1,0.0,9.9,2.6,3.6,284.6,321.0,177.2,0.0,0.0,0.0,841.3
2015,Rajasthan,Chittorgarh,10.9,0.5,40.9,3.9,3.5,92.2,362.4,150.8,19.9,0.0,0.0,0.0,685.0
2003,Rajasthan,Churu,8.0,13.8,0.5,0.7,5.5,37.8,223.2,92.8,29.5,0.0,0.0,1.8,413.6
2004,Rajasthan,Churu,3.5,0.0,0.0,0.9,26.4,15.2,30.5,120.8,15.9,30.1,0.0,2.4,245.7
2005,Rajasthan,Churu,2.4,49.6,21.5,3.9,23.4,56.3,114.5,8.9,79.6,0.0,0.1,0.0,360.2
2006,Rajasthan,Churu,0.0,0.0,17.2,1.3,42.9,42.4,88.9,22.0,10.5,17.3,0.0,1.1,243.6
2007,Rajasthan,Churu,0.0,36.0,21.0,1.6,4.5,60.5,44.6,80.1,86.7,0.0,0.0,0.0,335.0
2008,Rajasthan,Churu,0.0,0.1,0.1,18.9,42.1,118.5,57.4,164.0,42.7,0.1,0.1,0.5,444.5
2009,Rajasthan,Churu,7.1,4.0,2.2,5.5,11.2,51.4,80.4,44.7,5.7,0.6,0.0,0.0,212.8
2010,Rajasthan,Churu,5.0,0.0,6.0,0.0,0.0,70.7,142.8,180.8,204.2,0.0,15.0,23.3,647.8
2011,Rajasthan,Churu,0.0,14.2,8.7,5.8,35.5,168.8,101.7,216.0,109.2,0.0,0.0,0.0,659.9
2012,Rajasthan,Churu,0.9,0.0,0.0,17.7,26.2,0.3,104.4,230.2,42.9,2.2,0.0,5.0,429.8
2013,Rajasthan,Churu,28.6,32.6,2.7,3.6,1.0,31.8,162.3,140.9,48.2,7.1,9.1,0.0,467.9
2014,Rajasthan,Churu,6.5,16.6,22.6,14.5,54.4,46.0,170.4,57.4,91.6,0.9,0.0,0.0,480.9
2015,Rajasthan,Churu,3.8,1.6,63.9,54.9,22.7,47.5,214.4,116.3,9.2,1.7,0.1,0.0,536.1
2003,Rajasthan,Dungarpur,0.0,37.3,0.0,0.0,0.0,96.1,313.9,153.5,71.2,0.0,0.0,0.0,672.0
2004,Rajasthan,Dungarpur,0.0,0.0,0.0,0.0,0.0,90.0,103.8,591.3,31.0,0.0,0.0,0.0,816.1
2005,Rajasthan,Dungarpur,0.0,0.0,0.0,0.0,3.0,76.8,288.0,100.0,160.8,0.0,0.0,0.0,628.6
2006,Rajasthan,Dungarpur,0.0,0.0,0.0,0.0,0.0,158.7,345.7,659.3,205.7,0.0,0.0,0.0,1369.4
2007,Rajasthan,Dungarpur,0.0,0.0,0.0,0.0,0.0,48.0,477.3,333.0,87.3,0.0,0.0,0.0,945.6
2008,Rajasthan,Dungarpur,0.0,0.0,0.0,1.0,0.0,10.0,184.0,137.7,91.7,0.0,0.0,0.0,424.4
2009,Rajasthan,Dungarpur,0.0,0.0,0.7,0.0,0.0,35.1,363.3,238.3,61.2,14.8,0.0,0.0,713.4
2010,Rajasthan,Dungarpur,0.0,0.0,0.0,0.0,0.0,25.6,178.9,253.8,106.8,0.0,42.4,0.3,607.8
2011,Rajasthan,Dungarpur,0.0,0.0,0.0,0.0,0.0,15.3,275.8,476.6,196.4,0.0,0.0,0.0,964.1
2012,Rajasthan,Dungarpur,0.0,0.0,0.0,0.0,0.0,4.5,273.5,344.7,306.8,0.0,0.0,0.0,929.5
2013,Rajasthan,Dungarpur,0.0,13.3,0.0,8.8,0.0,73.8,402.5,190.0,198.1,68.8,0.0,0.0,955.3
2014,Rajasthan,Dungarpur,35.8,6.8,0.0,3.6,3.0,0.3,226.3,135.0,236.2,0.0,0.0,0.0,647.0
2015,Rajasthan,Dungarpur,0.0,0.0,19.1,7.1,0.0,149.5,384.3,84.8,48.2,0.0,0.0,0.0,693.0
2003,Rajasthan,Ganganagar,0.0,38.3,0.8,0.0,0.7,22.0,98.0,67.7,32.0,0.0,0.0,0.0,259.5
2004,Rajasthan,Ganganagar,4.6,0.5,0.0,0.3,14.1,41.6,2.5,57.1,1.4,27.5,0.0,14.6,164.2
2005,Rajasthan,Ganganagar,8.9,65.9,29.3,2.2,32.4,10.0,23.4,0.5,32.6,0.0,5.0,0.0,210.2
2006,Rajasthan,Ganganagar,5.9,0.0,25.6,0.5,14.0,49.1,17.2,38.0,13.0,0.0,1.5,5.0,169.8
2007,Rajasthan,Ganganagar,0.0,51.3,8.1,11.4,1.3,129.1,45.1,39.9,58.4,0.0,0.0,0.9,345.5
2008,Rajasthan,Ganganagar,2.0,0.8,0.0,2.7,5.5,60.9,38.3,123.8,29.6,0.0,0.0,0.4,264.0
2009,Rajasthan,Ganganagar,3.7,2.4,9.7,4.7,0.5,3.5,82.2,25.9,35.4,0.0,0.0,0.0,168.0
2010,Rajasthan,Ganganagar,2.0,0.0,0.0,0.0,2.0,23.3,73.8,147.1,74.3,0.2,0.0,3.1,325.8
2011,Rajasthan,Ganganagar,0.0,14.0,0.0,6.1,22.6,12.6,29.8,159.0,127.0,0.0,0.0,0.0,371.1
2012,Rajasthan,Ganganagar,0.8,0.2,0.0,10.5,0.1,10.1,57.0,67.2,99.9,10.5,0.0,2.5,258.8
2013,Rajasthan,Ganganagar,3.8,49.5,1.7,7.3,0.0,18.1,50.6,93.4,4.8,0.7,3.4,0.0,233.3
2014,Rajasthan,Ganganagar,0.3,12.3,23.5,8.5,33.4,25.3,77.2,17.8,150.6,2.2,0.0,0.0,351.1
2015,Rajasthan,Ganganagar,4.4,2.0,54.3,24.4,8.6,28.2,116.8,59.1,80.0,1.1,0.0,0.0,378.9
2003,Rajasthan,Jaipur,9.0,35.7,1.1,0.0,7.0,80.6,277.2,134.3,88.3,1.2,0.0,6.4,640.8
2004,Rajasthan,Jaipur,3.3,0.0,0.0,1.1,24.3,37.5,69.1,294.2,13.7,101.0,0.1,0.0,544.3
2005,Rajasthan,Jaipur,1.8,3.6,13.6,13.9,16.0,148.4,226.4,22.1,139.7,0.0,0.0,0.0,585.5
2006,Rajasthan,Jaipur,0.0,0.2,7.1,0.2,24.9,36.4,159.7,41.8,38.3,0.9,0.0,0.0,309.5
2007,Rajasthan,Jaipur,0.6,8.2,10.0,0.4,2.5,25.1,113.0,160.0,100.1,0.0,0.0,0.2,420.1
2008,Rajasthan,Jaipur,0.0,0.0,0.0,7.0,13.0,166.3,120.1,132.7,114.3,0.2,0.0,0.0,553.6
2009,Rajasthan,Jaipur,0.0,0.0,1.6,0.3,3.0,33.6,114.2,102.2,36.6,3.5,0.0,0.0,295.0
2010,Rajasthan,Jaipur,0.0,10.0,0.0,6.0,0.0,18.3,194.8,295.4,159.6,0.9,58.0,9.3,752.3
2011,Rajasthan,Jaipur,0.0,35.3,0.0,2.4,7.1,113.9,130.6,232.7,144.6,0.0,0.0,0.0,666.6
2012,Rajasthan,Jaipur,0.0,0.0,0.0,4.5,4.2,1.5,118.4,407.4,98.6,0.3,0.0,0.0,634.9
2013,Rajasthan,Jaipur,0.1,31.8,0.5,3.0,2.2,91.6,196.3,262.0,41.7,15.3,0.6,0.0,645.1
2014,Rajasthan,Jaipur,18.2,10.8,17.9,5.0,11.7,24.9,132.1,232.1,106.6,14.7,0.0,0.0,574.0
2015,Rajasthan,Jaipur,9.5,0.1,69.2,23.7,0.2,67.4,207.5,72.4,8.7,12.9,0.5,0.0,472.1
2003,Rajasthan,Jaisalmer,0.2,16.8,0.0,0.0,1.3,23.7,112.0,63.8,0.0,0.0,0.0,0.0,217.8
2004,Rajasthan,Jaisalmer,1.7,0.0,0.0,0.2,0.1,9.7,5.6,41.7,2.5,10.4,0.0,6.5,78.4
2005,Rajasthan,Jaisalmer,0.0,0.1,0.6,1.7,19.6,23.2,29.7,12.3,52.3,0.0,0.0,0.0,139.5
2006,Rajasthan,Jaisalmer,0.0,0.0,7.5,2.0,0.0,28.5,5.4,273.9,4.0,0.5,0.0,3.6,325.4
2007,Rajasthan,Jaisalmer,0.0,11.7,13.1,1.7,2.8,4.1,44.1,88.6,21.5,0.0,0.0,0.8,188.4
2008,Rajasthan,Jaisalmer,1.4,0.4,0.0,0.4,1.4,5.1,52.9,153.7,11.3,0.0,0.0,20.6,247.2
2009,Rajasthan,Jaisalmer,0.4,3.3,0.1,0.5,0.0,23.6,40.4,19.0,5.5,0.0,0.0,0.0,92.8
2010,Rajasthan,Jaisalmer,2.0,0.0,0.0,4.0,0.0,83.3,95.5,130.3,52.4,2.0,9.3,0.0,378.8
2011,Rajasthan,Jaisalmer,0.0,17.2,0.8,0.0,1.2,4.7,60.8,123.9,99.5,0.0,0.0,0.0,308.1
2012,Rajasthan,Jaisalmer,0.0,0.0,0.0,11.8,3.2,9.6,17.0,96.5,86.4,0.1,0.0,0.0,224.6
2013,Rajasthan,Jaisalmer,0.0,19.0,11.3,2.0,2.0,29.3,43.8,120.4,5.7,3.6,0.0,0.0,237.1
2014,Rajasthan,Jaisalmer,0.0,0.0,0.0,12.0,11.5,0.9,45.3,31.1,13.4,0.0,0.0,0.0,114.2
2015,Rajasthan,Jaisalmer,0.0,0.0,16.8,14.9,7.8,40.1,169.7,44.2,51.1,0.1,0.0,0.0,344.7
2003,Rajasthan,Jalore,0.1,81.2,0.0,0.0,0.0,105.6,366.0,159.0,11.2,0.0,0.0,0.0,723.1
2004,Rajasthan,Jalore,0.0,0.0,0.0,0.0,0.0,41.8,23.0,129.9,39.5,20.0,0.0,0.0,254.2
2005,Rajasthan,Jalore,0.0,0.0,0.0,4.5,7.6,37.8,158.9,73.5,146.6,0.0,0.0,0.0,428.9
2006,Rajasthan,Jalore,0.0,0.0,1.0,0.0,0.0,35.9,99.7,510.9,111.7,0.0,0.6,0.0,759.8
2007,Rajasthan,Jalore,0.0,2.4,3.3,0.0,0.0,19.0,156.5,115.7,15.3,0.0,0.0,0.0,312.2
2008,Rajasthan,Jalore,0.0,0.0,0.0,0.7,1.9,42.8,98.2,141.0,56.5,0.9,0.0,6.1,348.1
2009,Rajasthan,Jalore,0.0,0.0,16.0,0.0,0.0,24.6,132.0,17.3,2.1,0.0,0.0,0.0,192.0
2010,Rajasthan,Jalore,0.0,0.0,0.0,0.0,0.0,8.5,358.1,240.5,82.9,5.5,133.8,1.3,830.6
2011,Rajasthan,Jalore,0.0,6.7,0.0,0.0,1.7,0.0,192.7,300.1,188.1,0.0,0.0,0.0,689.3
2012,Rajasthan,Jalore,0.2,0.0,0.0,0.0,0.0,0.5,85.1,100.6,96.7,0.0,0.0,0.0,283.1
2013,Rajasthan,Jalore,17.7,9.4,0.0,3.7,1.1,70.9,147.9,155.6,166.0,35.2,0.0,0.0,607.5
2014,Rajasthan,Jalore,0.0,0.0,0.0,7.2,5.4,3.6,125.3,57.0,156.7,0.0,0.0,0.0,355.2
2015,Rajasthan,Jalore,0.0,0.0,1.2,9.6,2.3,86.8,499.3,74.4,16.6,0.0,0.0,0.0,690.2
2003,Rajasthan,Jhalawar,1.7,12.1,0.0,0.4,3.1,121.3,165.7,242.0,200.2,0.0,0.0,2.6,749.1
2004,Rajasthan,Jhalawar,8.6,0.0,0.0,0.0,2.5,86.9,149.1,524.9,22.0,14.8,0.0,0.0,808.8
2005,Rajasthan,Jhalawar,1.8,0.0,5.2,3.8,0.6,94.3,342.2,67.5,146.4,0.0,0.0,0.0,661.8
2006,Rajasthan,Jhalawar,0.0,0.0,11.8,0.0,14.2,47.1,288.7,536.6,181.8,6.8,0.0,0.0,1087.0
2007,Rajasthan,Jhalawar,0.0,0.8,0.0,0.0,0.0,100.1,278.2,220.7,124.4,0.0,0.0,1.8,726.0
2008,Rajasthan,Jhalawar,0.0,0.0,1.7,0.5,1.6,127.4,180.1,159.8,136.3,0.5,10.8,0.0,618.7
2009,Rajasthan,Jhalawar,1.5,0.0,0.0,0.0,7.0,37.9,343.7,118.1,105.2,44.5,0.0,0.0,657.9
2010,Rajasthan,Jhalawar,5.0,0.0,0.0,0.0,0.0,31.4,243.9,201.6,90.3,2.3,46.9,0.5,621.9
2011,Rajasthan,Jhalawar,0.0,0.2,0.0,0.0,0.8,390.4,331.3,350.9,154.2,0.0,0.0,0.0,1227.8
2012,Rajasthan,Jhalawar,1.1,0.0,0.0,0.0,11.4,20.7,263.9,282.8,109.8,0.0,0.0,0.2,689.9
2013,Rajasthan,Jhalawar,0.1,28.7,3.3,0.0,0.0,160.7,659.4,478.6,65.9,41.1,0.6,0.4,1438.8
2014,Rajasthan,Jhalawar,55.0,29.8,0.1,3.0,0.5,26.8,237.5,385.4,142.2,0.0,0.0,0.6,880.9
2015,Rajasthan,Jhalawar,21.3,0.0,30.7,4.8,0.0,165.1,624.5,283.9,32.5,1.8,0.0,0.0,1164.6
2003,Rajasthan,Jhunjhunu,17.3,15.9,2.9,0.0,13.6,31.3,267.9,135.1,36.1,0.0,0.0,5.1,525.2
2004,Rajasthan,Jhunjhunu,1.8,0.0,0.0,3.3,19.9,18.7,50.8,190.2,5.4,30.5,0.0,0.1,320.7
2005,Rajasthan,Jhunjhunu,2.7,33.5,21.1,5.9,29.1,100.4,173.5,19.5,124.8,0.0,0.0,0.0,510.5
2006,Rajasthan,Jhunjhunu,0.0,0.0,23.4,2.1,48.5,55.4,153.6,15.1,31.1,10.5,0.0,2.0,341.7
2007,Rajasthan,Jhunjhunu,0.5,62.6,12.5,4.0,7.7,39.1,87.3,78.4,106.8,0.0,0.0,0.4,399.3
2008,Rajasthan,Jhunjhunu,0.0,0.0,0.0,4.2,6.7,92.7,75.6,187.9,116.9,0.1,0.2,0.0,484.3
2009,Rajasthan,Jhunjhunu,0.8,0.8,1.5,0.0,2.1,46.6,81.0,72.5,44.7,0.0,0.0,0.0,250.0
2010,Rajasthan,Jhunjhunu,11.0,0.0,0.0,0.0,0.0,46.3,149.1,301.7,208.0,2.4,23.0,22.1,763.6
2011,Rajasthan,Jhunjhunu,0.0,45.1,4.7,1.7,36.3,110.6,122.0,210.6,147.1,0.0,0.0,0.0,678.1
2012,Rajasthan,Jhunjhunu,0.0,0.0,0.0,11.5,21.6,5.3,76.1,316.8,25.7,0.1,0.0,0.7,457.8
2013,Rajasthan,Jhunjhunu,15.0,31.6,0.7,6.0,2.6,23.5,165.1,152.0,66.2,8.4,14.5,0.0,485.6
2014,Rajasthan,Jhunjhunu,0.6,11.5,17.3,15.4,22.6,58.0,147.7,111.5,62.6,16.9,0.0,0.0,464.1
2015,Rajasthan,Jhunjhunu,2.9,0.5,53.9,44.7,14.0,80.7,127.2,114.4,24.8,5.0,4.8,0.0,472.9
2003,Rajasthan,Jodhpur,1.7,15.9,0.5,0.3,5.0,52.1,217.9,65.4,11.1,0.0,0.0,0.0,369.9
2004,Rajasthan,Jodhpur,0.0,0.0,0.0,1.7,0.0,20.8,57.9,124.3,6.7,10.3,0.0,0.0,221.7
2005,Rajasthan,Jodhpur,0.0,1.8,0.9,17.7,10.2,14.7,112.1,34.4,55.0,0.0,0.0,0.0,246.8
2006,Rajasthan,Jodhpur,0.0,0.0,0.6,0.4,1.3,22.0,28.5,109.4,60.9,0.0,0.0,0.3,223.4
2007,Rajasthan,Jodhpur,0.0,45.0,21.0,3.2,2.8,42.3,106.2,65.9,34.8,0.0,0.0,0.0,321.2
2008,Rajasthan,Jodhpur,0.0,0.0,0.5,4.4,13.6,45.6,50.0,126.0,33.0,0.0,0.0,0.6,273.7
2009,Rajasthan,Jodhpur,0.0,1.3,0.4,0.0,3.0,14.3,89.3,22.2,8.7,0.0,0.0,0.0,139.2
2010,Rajasthan,Jodhpur,0.0,0.0,0.0,11.0,11.0,39.4,109.9,161.0,106.9,0.0,29.8,9.1,478.1
2011,Rajasthan,Jodhpur,0.0,16.1,0.0,0.0,12.0,10.4,104.3,158.5,105.6,0.0,0.0,0.0,406.9
2012,Rajasthan,Jodhpur,0.5,0.0,0.0,19.0,9.3,10.9,20.6,181.3,107.0,0.1,0.0,0.1,348.8
2013,Rajasthan,Jodhpur,7.8,16.9,1.7,0.0,2.5,51.2,126.5,157.1,128.1,0.9,0.0,0.0,492.7
2014,Rajasthan,Jodhpur,0.0,0.0,0.0,10.8,20.4,6.0,80.6,102.8,117.1,0.1,0.0,0.0,337.8
2015,Rajasthan,Jodhpur,0.7,0.0,10.8,20.4,15.7,68.1,222.1,47.9,19.3,0.7,0.0,0.0,405.7
2003,Rajasthan,Kota,3.9,25.3,0.0,2.7,8.7,81.5,198.2,189.1,124.7,0.0,0.0,1.6,635.7
2004,Rajasthan,Kota,3.9,0.0,0.0,0.2,4.6,61.4,136.8,596.9,9.1,40.1,0.0,0.0,853.0
2005,Rajasthan,Kota,0.0,0.0,8.5,4.0,2.5,38.9,366.8,49.2,195.3,0.0,0.0,0.0,665.2
2006,Rajasthan,Kota,0.0,0.0,29.2,0.0,17.5,123.7,178.9,450.5,159.9,5.0,0.0,0.0,964.7
2007,Rajasthan,Kota,1.2,21.5,3.0,0.9,0.4,115.8,352.7,171.4,77.0,0.0,0.0,2.7,746.6
2008,Rajasthan,Kota,0.0,0.0,1.9,14.9,9.6,169.0,169.4,181.3,103.5,0.2,12.6,0.1,662.5
2009,Rajasthan,Kota,0.0,0.0,2.4,0.4,1.8,35.2,316.1,113.0,35.6,34.9,0.0,0.0,539.4
2010,Rajasthan,Kota,0.0,1.0,0.0,1.0,0.0,30.9,183.5,232.4,92.7,0.0,51.7,0.5,593.7
2011,Rajasthan,Kota,0.0,4.4,0.0,0.0,2.0,447.2,244.3,365.4,165.4,0.0,0.0,0.0,1228.7
2012,Rajasthan,Kota,5.9,0.0,0.0,5.5,26.0,22.3,197.7,269.0,109.8,0.0,0.0,0.0,636.2
2013,Rajasthan,Kota,0.0,14.5,2.6,1.6,0.3,149.6,501.7,381.3,63.0,72.6,0.4,3.2,1190.8
2014,Rajasthan,Kota,38.6,21.7,0.6,5.8,5.1,22.7,258.0,363.9,91.8,0.0,0.0,6.3,814.5
2015,Rajasthan,Kota,16.6,0.7,72.6,15.9,0.1,99.6,344.0,264.3,11.4,0.0,6.1,0.9,832.2
2003,Rajasthan,Nagaur,4.5,17.8,0.0,1.8,3.5,59.5,212.3,143.3,26.4,0.0,0.0,0.0,469.1
2004,Rajasthan,Nagaur,9.3,0.0,0.0,0.0,5.0,7.3,69.7,187.8,10.5,11.7,0.0,0.0,301.3
2005,Rajasthan,Nagaur,0.0,0.0,0.0,0.0,0.0,53.5,186.0,15.3,99.3,0.0,0.0,0.0,354.1
2006,Rajasthan,Nagaur,0.0,0.0,1.0,0.0,24.3,20.5,139.2,59.7,10.7,9.8,0.0,0.0,265.2
2007,Rajasthan,Nagaur,0.0,33.5,31.8,0.0,1.0,7.0,90.7,69.5,27.0,0.0,0.0,0.5,261.0
2008,Rajasthan,Nagaur,0.0,0.0,0.0,3.0,11.3,90.0,72.7,162.2,44.0,0.0,0.0,0.0,383.2
2009,Rajasthan,Nagaur,4.0,0.0,0.0,0.0,0.0,26.5,74.3,35.3,9.0,0.0,0.0,0.0,149.1
2010,Rajasthan,Nagaur,0.0,0.0,0.0,0.0,0.0,48.4,135.5,235.5,89.8,0.0,17.7,14.0,540.9
2011,Rajasthan,Nagaur,0.0,17.7,0.0,0.8,4.0,133.7,64.8,148.9,71.0,0.0,0.0,0.0,440.9
2012,Rajasthan,Nagaur,0.4,0.0,0.0,1.1,19.0,5.0,24.7,349.4,99.4,0.3,0.0,0.1,499.4
2013,Rajasthan,Nagaur,22.5,17.0,0.1,2.0,2.2,28.6,120.6,177.7,115.5,12.8,0.9,0.0,499.9
2014,Rajasthan,Nagaur,1.0,0.0,7.6,6.5,23.7,9.7,154.3,157.8,83.4,0.0,0.0,0.0,444.0
2015,Rajasthan,Nagaur,2.7,0.0,42.4,45.0,17.1,70.7,290.7,57.4,9.5,0.0,0.0,0.0,535.5
2003,Rajasthan,Pali,0.0,47.9,0.0,0.0,0.1,87.3,254.1,132.4,27.9,0.0,0.0,0.0,549.7
2004,Rajasthan,Pali,0.0,0.0,0.0,0.0,3.3,51.9,71.6,190.3,14.2,28.7,0.0,0.0,360.0
2005,Rajasthan,Pali,0.0,0.0,0.0,11.2,6.8,40.0,103.2,73.6,123.6,0.0,0.0,0.0,358.4
2006,Rajasthan,Pali,0.0,0.0,10.4,0.0,0.0,46.4,107.7,292.4,76.1,0.0,0.0,0.0,533.0
2007,Rajasthan,Pali,0.0,3.3,0.6,0.0,0.0,45.9,291.1,71.1,32.1,0.0,0.0,0.0,444.1
2008,Rajasthan,Pali,0.0,0.0,0.0,3.7,0.0,20.3,40.6,170.1,45.9,0.0,0.0,0.0,280.6
2009,Rajasthan,Pali,0.0,0.0,0.0,0.0,0.0,28.0,179.3,60.1,3.2,0.0,0.0,0.0,270.6
2010,Rajasthan,Pali,0.0,0.0,0.0,0.0,0.0,11.6,158.2,250.6,131.2,1.8,113.7,3.2,670.3
2011,Rajasthan,Pali,0.0,12.3,0.0,0.0,3.8,21.6,159.9,271.9,176.4,0.0,0.0,0.0,645.9
2012,Rajasthan,Pali,0.4,0.0,0.0,7.7,6.9,11.2,86.6,271.0,121.4,0.3,0.4,0.0,505.9
2013,Rajasthan,Pali,12.0,4.0,0.0,1.0,0.2,61.5,148.4,178.9,112.6,19.9,0.0,0.0,538.5
2014,Rajasthan,Pali,0.0,0.0,0.0,4.3,23.9,7.7,172.3,199.2,131.0,0.0,0.0,0.0,538.4
2015,Rajasthan,Pali,1.1,0.0,25.1,4.0,1.3,92.4,373.9,69.2,5.0,0.0,0.0,0.0,572.0
2003,Rajasthan,Swami Madhopur,3.1,29.6,0.0,0.0,0.0,50.8,237.0,186.7,153.3,0.0,0.0,0.6,661.1
2004,Rajasthan,Swami Madhopur,2.7,0.0,0.0,0.0,36.2,32.3,52.3,423.5,45.0,16.7,0.0,0.0,608.7
2005,Rajasthan,Swami Madhopur,0.3,0.0,1.7,0.0,0.0,65.7,347.7,68.0,75.7,0.0,0.0,0.0,559.1
2006,Rajasthan,Swami Madhopur,0.0,0.0,6.3,0.0,15.3,70.1,149.2,138.0,47.3,0.0,0.0,0.0,426.2
2007,Rajasthan,Swami Madhopur,0.0,8.3,8.3,3.7,0.7,79.3,123.0,146.5,93.3,0.0,0.0,0.3,463.4
2008,Rajasthan,Swami Madhopur,0.0,0.0,0.7,0.0,6.5,214.0,251.3,137.2,127.0,5.5,2.0,0.0,744.2
2009,Rajasthan,Swami Madhopur,0.0,0.0,1.0,1.0,6.6,23.9,113.6,155.0,37.3,82.8,0.0,0.0,421.2
2010,Rajasthan,Swami Madhopur,4.0,0.0,0.0,0.0,5.0,19.3,165.4,320.7,185.9,0.0,115.9,2.1,818.3
2011,Rajasthan,Swami Madhopur,0.0,11.4,0.0,0.0,5.1,196.3,200.6,285.9,121.4,0.0,0.0,0.0,820.7
2012,Rajasthan,Swami Madhopur,4.8,0.0,0.0,5.0,16.1,3.2,144.5,457.1,70.0,0.0,0.0,0.0,700.7
2013,Rajasthan,Swami Madhopur,0.0,32.4,0.1,9.1,2.3,124.4,354.8,365.5,38.4,12.9,0.0,0.1,940.0
2014,Rajasthan,Swami Madhopur,38.7,1.7,6.9,7.6,1.6,36.9,146.8,378.1,113.0,0.0,0.0,0.0,731.3
2015,Rajasthan,Swami Madhopur,20.1,0.0,72.9,10.6,0.9,143.6,140.4,152.4,7.5,22.1,0.3,3.6,574.4
2003,Rajasthan,Sikar,15.3,16.1,2.0,0.0,4.3,57.1,212.6,116.9,48.4,0.0,0.0,4.3,477.0
2004,Rajasthan,Sikar,3.4,0.0,0.0,1.8,21.2,16.5,49.3,165.6,4.4,25.0,0.0,0.0,287.2
2005,Rajasthan,Sikar,0.2,11.3,10.6,1.0,9.3,58.8,204.0,10.0,32.8,0.0,0.0,0.0,338.0
2006,Rajasthan,Sikar,0.0,0.0,8.2,0.0,60.0,66.3,161.3,34.0,11.8,2.5,0.0,0.0,344.1
2007,Rajasthan,Sikar,0.8,16.8,8.3,3.5,5.3,48.0,77.3,68.3,84.0,0.0,0.0,2.8,315.1
2008,Rajasthan,Sikar,0.0,0.0,0.0,19.9,66.4,154.2,59.2,150.5,85.6,0.0,0.0,0.0,535.8
2009,Rajasthan,Sikar,0.6,0.0,0.0,0.0,2.6,40.5,63.8,58.6,10.2,0.6,0.0,0.0,176.9
2010,Rajasthan,Sikar,0.0,5.0,10.0,0.0,0.0,59.0,221.4,293.1,178.0,0.3,29.3,24.4,820.5
2011,Rajasthan,Sikar,0.0,37.4,5.3,5.4,19.7,122.4,145.0,179.3,120.7,0.0,0.0,0.0,635.2
2012,Rajasthan,Sikar,1.0,0.0,0.0,11.0,23.8,1.7,87.6,480.4,34.8,1.1,0.0,0.0,641.4
2013,Rajasthan,Sikar,7.8,37.9,1.2,1.2,0.2,22.1,183.2,179.4,59.4,16.4,8.7,0.0,517.5
2014,Rajasthan,Sikar,1.6,10.9,20.9,12.6,1.5,49.9,215.9,113.9,79.0,4.4,0.0,0.0,510.6
2015,Rajasthan,Sikar,13.1,0.0,43.0,41.0,17.3,65.9,303.3,130.4,5.1,6.1,0.0,0.0,625.2
2003,Rajasthan,Sirohi,0.0,44.2,0.0,1.0,0.0,117.4,452.8,257.8,49.5,0.0,0.0,0.0,922.7
2004,Rajasthan,Sirohi,0.3,0.0,0.0,7.3,15.0,72.0,88.9,387.8,28.3,76.2,0.0,0.0,675.8
2005,Rajasthan,Sirohi,0.0,0.0,0.0,4.0,4.3,83.8,270.6,200.4,385.5,0.0,0.0,0.0,948.6
2006,Rajasthan,Sirohi,0.0,0.0,21.1,0.0,0.0,100.8,260.7,1037.9,125.0,0.0,0.0,0.0,1545.5
2007,Rajasthan,Sirohi,0.0,3.7,11.8,0.3,0.5,54.4,574.2,150.8,66.5,0.0,0.0,0.0,862.2
2008,Rajasthan,Sirohi,0.0,0.0,0.5,5.5,2.0,52.6,168.2,164.8,71.5,1.5,0.2,1.3,468.1
2009,Rajasthan,Sirohi,0.0,0.0,3.0,0.0,0.0,38.9,312.3,90.6,29.1,0.0,0.0,0.0,473.9
2010,Rajasthan,Sirohi,508.0,0.0,0.0,0.0,0.0,24.5,300.5,345.4,113.5,7.3,144.3,3.9,1447.4
2011,Rajasthan,Sirohi,0.0,0.9,0.0,0.0,2.3,1.0,237.2,519.0,320.5,0.0,0.0,0.0,1080.9
2012,Rajasthan,Sirohi,0.0,0.0,0.0,0.4,1.7,3.8,236.7,355.6,202.5,4.5,0.0,0.0,805.2
2013,Rajasthan,Sirohi,2.7,1.8,0.0,7.8,0.3,85.2,308.5,213.9,245.2,92.1,0.0,0.0,957.5
2014,Rajasthan,Sirohi,0.0,0.0,0.7,9.2,3.4,7.3,270.7,161.1,270.3,0.0,0.0,0.0,722.7
2015,Rajasthan,Sirohi,9.1,0.0,14.6,9.9,0.8,185.6,785.2,95.4,33.0,0.0,0.0,0.0,1133.6
2003,Rajasthan,Tonk,3.1,39.4,0.0,0.0,4.5,68.2,213.1,205.4,92.1,0.0,0.0,0.5,626.3
2004,Rajasthan,Tonk,1.4,0.0,0.0,0.0,19.0,18.0,48.4,383.0,17.4,21.5,0.0,0.0,508.7
2005,Rajasthan,Tonk,0.5,0.8,7.5,16.7,7.3,36.9,172.9,32.9,115.2,0.0,0.0,0.0,390.7
2006,Rajasthan,Tonk,0.0,0.0,1.3,0.0,0.7,16.9,99.7,108.0,52.0,0.0,0.0,0.0,278.6
2007,Rajasthan,Tonk,0.0,0.0,0.0,0.0,0.0,35.3,185.1,103.6,58.5,0.0,0.0,0.0,382.5
2008,Rajasthan,Tonk,0.0,0.0,0.0,0.0,0.3,90.4,180.4,160.8,115.3,0.0,0.0,0.0,547.2
2009,Rajasthan,Tonk,0.0,0.0,0.0,0.0,0.0,14.7,161.8,84.9,26.4,0.0,0.0,0.0,287.8
2010,Rajasthan,Tonk,0.0,0.0,0.0,0.0,0.0,5.8,198.5,349.4,129.6,0.3,92.5,8.6,784.7
2011,Rajasthan,Tonk,1.0,9.4,0.0,0.1,1.5,184.6,165.9,348.1,156.8,0.0,0.0,0.0,867.4
2012,Rajasthan,Tonk,0.0,0.0,0.0,3.9,14.7,9.4,134.9,394.9,109.5,0.1,0.0,0.0,667.4
2013,Rajasthan,Tonk,0.0,19.2,0.1,1.1,0.4,91.8,306.3,332.1,30.4,10.6,0.5,0.4,792.9
2014,Rajasthan,Tonk,34.0,7.0,15.6,17.5,9.4,11.3,180.5,418.7,87.8,8.4,0.0,0.0,790.2
2015,Rajasthan,Tonk,15.4,0.0,83.1,22.2,7.6,81.0,246.5,141.6,8.9,0.9,0.0,0.0,607.2
2003,Rajasthan,Udaipur,0.0,34.9,0.0,0.4,0.4,63.8,275.0,153.3,114.0,16.2,0.0,0.0,658.0
2004,Rajasthan,Udaipur,0.0,0.0,0.0,0.0,4.1,48.4,146.0,318.0,66.3,25.6,0.0,0.1,608.5
2005,Rajasthan,Udaipur,0.0,0.0,0.0,18.9,6.7,80.2,226.8,176.6,196.2,0.0,0.0,0.0,705.4
2006,Rajasthan,Udaipur,0.0,0.0,3.2,0.0,7.1,109.4,237.9,645.1,89.3,0.0,0.0,0.0,1092.0
2007,Rajasthan,Udaipur,0.0,1.9,0.0,0.4,3.0,32.3,236.3,222.0,17.9,0.0,0.0,0.0,513.8
2008,Rajasthan,Udaipur,0.0,0.0,0.0,0.5,5.9,60.6,211.4,178.1,128.9,8.7,0.0,0.4,594.5
2009,Rajasthan,Udaipur,0.0,0.0,1.3,0.0,6.2,73.5,305.0,167.1,24.0,1.0,0.0,0.0,578.1
2010,Rajasthan,Udaipur,2.0,0.0,0.0,0.0,0.0,59.7,270.0,358.4,106.3,2.8,91.6,6.2,897.0
2011,Rajasthan,Udaipur,0.0,0.4,0.0,0.0,5.7,36.9,249.1,390.2,194.7,0.0,0.0,0.0,877.0
2012,Rajasthan,Udaipur,0.0,0.0,0.0,1.1,13.3,32.6,181.2,245.2,230.8,0.0,0.0,0.0,704.2
2013,Rajasthan,Udaipur,0.0,4.4,0.0,4.0,0.9,99.2,286.9,168.5,148.3,35.4,0.0,0.0,747.6
2014,Rajasthan,Udaipur,19.1,1.8,0.0,16.3,21.2,3.1,273.2,164.1,240.3,0.1,0.0,0.0,739.2
2015,Rajasthan,Udaipur,8.7,0.0,27.7,14.3,0.0,111.8,369.3,105.1,42.7,0.0,0.0,0.0,679.6
2003,Punjab,Gurdaspur,23.7,149.3,57.0,4.0,6.7,65.3,310.3,280.7,161.2,0.0,13.9,20.5,1092.6
2004,Punjab,Gurdaspur,108.2,15.9,0.0,16.3,42.9,61.7,189.0,241.7,11.4,58.8,2.8,12.4,761.1
2005,Punjab,Gurdaspur,52.2,163.6,54.3,14.9,8.9,39.5,300.2,159.7,129.6,2.3,0.0,0.0,925.2
2006,Punjab,Gurdaspur,20.4,10.4,64.0,8.7,30.0,78.0,338.0,211.0,124.0,54.0,0.0,13.0,951.5
2007,Punjab,Gurdaspur,0.0,87.0,150.0,14.5,39.3,187.8,231.8,418.8,40.8,0.0,8.8,9.7,1188.5
2008,Punjab,Gurdaspur,25.1,24.3,0.0,41.2,39.7,379.3,232.0,442.2,23.5,8.9,0.0,4.2,1220.4
2009,Punjab,Gurdaspur,13.7,28.1,5.2,18.5,5.7,19.3,247.4,197.5,30.5,2.4,0.0,0.0,568.3
2010,Punjab,Gurdaspur,24.0,25.0,5.6,27.1,0.0,11.7,11.5,228.0,50.3,7.3,12.2,43.2,445.9
2011,Punjab,Gurdaspur,2.3,64.0,15.7,19.7,6.7,38.9,35.3,324.9,99.8,6.1,0.0,6.7,620.1
2012,Punjab,Gurdaspur,140.3,20.6,10.8,27.0,5.1,16.2,225.5,507.9,198.0,3.5,1.6,22.2,1178.7
2013,Punjab,Gurdaspur,38.0,127.7,19.5,2.1,5.3,131.9,360.2,610.2,95.4,74.2,13.2,21.4,1499.1
2014,Punjab,Gurdaspur,70.8,68.9,78.6,52.4,36.0,36.9,218.8,250.2,192.0,23.5,0.7,18.5,1047.3
2015,Punjab,Gurdaspur,26.4,81.8,180.7,55.3,10.8,70.6,277.8,274.3,158.0,23.7,5.0,3.3,1167.7
2003,Punjab,Amritsar,6.9,75.9,39.2,2.0,1.0,76.4,100.3,96.7,39.6,0.0,4.4,12.2,454.6
2004,Punjab,Amritsar,31.4,6.3,0.0,6.6,36.5,38.6,96.5,43.4,2.1,25.4,4.0,12.3,303.1
2005,Punjab,Amritsar,54.2,58.2,29.0,16.0,8.4,40.3,116.3,90.3,113.4,0.9,0.4,0.0,527.4
2006,Punjab,Amritsar,8.4,8.2,41.7,0.0,26.0,54.0,164.0,73.0,139.0,40.0,8.0,10.0,572.3
2007,Punjab,Amritsar,0.0,71.0,67.0,0.3,19.9,143.1,58.9,138.5,62.7,0.0,13.6,4.0,579.0
2008,Punjab,Amritsar,32.3,8.0,0.0,67.4,28.5,168.8,144.3,355.5,46.0,14.0,0.0,4.5,869.3
2009,Punjab,Amritsar,14.7,17.4,12.8,15.5,1.6,0.8,80.7,72.6,46.9,0.0,0.0,0.0,263.0
2010,Punjab,Amritsar,11.0,19.0,28.0,14.0,18.4,22.5,176.2,154.0,149.0,32.0,7.6,47.6,679.3
2011,Punjab,Amritsar,0.0,20.0,14.5,11.7,5.6,27.3,47.1,172.9,33.1,0.0,0.0,0.0,332.2
2012,Punjab,Amritsar,56.5,4.7,6.5,41.9,0.1,8.2,47.4,146.0,131.4,12.6,0.1,13.7,469.1
2013,Punjab,Amritsar,9.7,67.9,3.3,4.1,3.2,97.2,127.2,314.7,13.1,32.4,10.5,2.5,685.8
2014,Punjab,Amritsar,17.9,6.2,27.0,37.5,10.2,23.6,42.9,21.2,136.7,1.9,0.5,0.2,325.8
2015,Punjab,Amritsar,18.1,62.3,45.9,20.4,20.1,55.0,144.8,97.7,78.9,18.9,0.6,0.2,562.9
2003,Punjab,Kapurthala,21.0,56.0,6.8,0.0,0.0,57.5,71.3,97.8,90.5,0.0,0.5,0.0,401.4
2004,Punjab,Kapurthala,17.0,5.5,0.0,14.0,2.0,14.0,68.5,67.1,4.0,29.8,1.5,7.5,230.9
2005,Punjab,Kapurthala,36.5,39.3,20.5,21.5,9.0,23.5,182.3,102.0,211.0,0.0,0.0,0.0,645.6
2006,Punjab,Kapurthala,1.0,0.0,0.0,0.0,16.0,39.0,148.0,134.0,98.0,4.0,9.0,4.0,453.0
2007,Punjab,Kapurthala,0.0,12.0,73.0,43.0,50.3,17.3,0.0,0.0,0.0,0.0,0.0,0.0,195.6
2008,Punjab,Kapurthala,123.0,583.0,6.5,0.0,0.0,0.0,0.0,0.0,0.0,0.0,0.0,0.0,712.5
2009,Punjab,Kapurthala,0.0,34.0,18.0,40.5,2.5,2.5,352.0,238.0,69.0,0.0,0.0,0.0,756.5
2010,Punjab,Kapurthala,1.0,103.0,60.5,1.5,1.5,13.0,230.0,109.0,20.0,10.0,3.0,2.0,554.5
2011,Punjab,Kapurthala,0.0,0.0,0.0,0.0,0.0,0.0,7.0,0.0,0.0,0.0,0.0,0.0,7.0
2012,Punjab,Kapurthala,90.4,1.6,1.7,36.2,1.0,0.8,76.9,118.4,261.2,1.7,0.7,7.3,597.9
2013,Punjab,Kapurthala,6.0,73.7,12.7,8.8,3.6,234.1,128.0,171.3,26.1,13.1,0.3,19.0,696.7
2014,Punjab,Kapurthala,43.9,41.4,37.5,48.5,9.0,11.2,93.8,129.2,150.1,19.9,0.2,21.0,605.7
2015,Punjab,Kapurthala,16.0,49.4,106.7,49.7,44.2,66.5,182.4,92.2,52.1,0.0,0.0,0.0,659.2
2003,Punjab,Jalandhar,14.7,130.3,46.7,11.3,1.7,26.7,159.7,150.7,68.7,0.0,2.0,7.0,619.5
2004,Punjab,Jalandhar,35.3,16.3,0.0,35.3,4.7,85.0,40.0,165.0,3.0,35.3,0.0,11.5,431.4
2005,Punjab,Jalandhar,45.8,64.6,24.6,27.3,6.4,54.0,277.8,114.5,233.1,0.0,0.0,0.0,848.1
2006,Punjab,Jalandhar,0.9,9.8,48.6,1.0,66.0,28.0,143.0,72.0,119.0,7.0,3.0,4.0,502.3
2007,Punjab,Jalandhar,7.0,58.0,44.0,10.1,1.7,92.6,159.8,155.0,41.6,0.0,0.1,13.2,583.1
2008,Punjab,Jalandhar,11.3,3.4,0.0,43.1,7.0,195.7,123.9,301.1,23.0,14.0,0.0,2.2,724.7
2009,Punjab,Jalandhar,5.5,18.4,19.4,30.1,3.9,6.2,282.3,165.9,74.8,0.9,0.0,0.0,607.4
2010,Punjab,Jalandhar,7.6,12.0,20.5,18.0,1.3,18.6,285.0,131.0,59.0,0.0,0.0,7.3,560.3
2011,Punjab,Jalandhar,6.3,23.6,7.6,14.7,16.0,139.1,14.2,310.0,135.3,0.0,0.0,0.0,666.8
2012,Punjab,Jalandhar,93.7,1.8,3.2,13.9,0.2,1.9,91.0,79.2,107.5,0.7,0.0,6.2,399.3
2013,Punjab,Jalandhar,6.4,84.2,10.3,6.0,7.4,166.3,117.5,151.8,34.7,5.5,2.6,1.2,593.9
2014,Punjab,Jalandhar,4.0,18.4,16.4,11.0,6.9,6.1,95.3,40.0,84.3,10.2,0.0,18.7,311.3
2015,Punjab,Jalandhar,22.5,40.0,64.9,40.8,24.4,30.6,65.0,40.3,44.5,3.0,0.0,0.0,376.0
2003,Punjab,Hoshiarpur,8.7,66.5,45.6,10.5,2.5,57.3,160.7,244.9,126.7,0.0,4.4,7.5,735.3
2004,Punjab,Hoshiarpur,54.4,13.5,0.0,10.0,39.0,79.1,115.0,132.8,5.5,65.6,1.3,7.5,523.7
2005,Punjab,Hoshiarpur,42.0,63.1,30.3,6.8,12.4,31.6,269.3,89.7,133.9,0.0,0.0,0.0,679.1
2006,Punjab,Hoshiarpur,8.5,0.0,0.0,1.0,28.0,29.0,149.0,149.0,83.0,4.0,0.0,4.0,455.5
2007,Punjab,Hoshiarpur,0.0,69.0,58.0,6.1,9.6,85.6,205.4,110.0,23.0,0.0,0.7,20.3,587.7
2008,Punjab,Hoshiarpur,21.8,10.6,0.0,33.7,8.3,261.2,214.4,390.1,40.8,11.9,0.0,0.3,993.1
2009,Punjab,Hoshiarpur,8.8,27.7,16.0,34.8,3.3,2.8,291.9,153.6,49.4,1.7,0.0,0.0,590.0
2010,Punjab,Hoshiarpur,10.3,14.4,13.4,22.3,7.3,41.0,237.2,169.3,70.0,0.0,20.6,30.0,635.8
2011,Punjab,Hoshiarpur,4.5,59.3,10.1,9.0,10.9,130.5,129.3,195.3,120.3,0.0,0.0,4.6,673.8
2012,Punjab,Hoshiarpur,84.4,3.6,4.7,20.3,0.5,9.7,130.8,67.3,107.7,0.5,0.2,12.8,442.5
2013,Punjab,Hoshiarpur,15.0,64.0,10.0,3.8,4.4,111.1,128.6,170.2,40.6,14.4,3.7,20.2,586.0
2014,Punjab,Hoshiarpur,35.9,44.1,26.4,28.8,15.6,12.7,168.6,52.5,53.7,1.2,0.0,23.3,462.8
2015,Punjab,Hoshiarpur,10.4,50.6,64.2,20.1,13.6,30.2,155.4,105.5,130.6,12.0,0.0,1.2,593.8
2003,Punjab,Roopnagar / Ropar,31.3,60.0,26.1,12.3,2.0,75.6,190.5,88.8,140.1,0.0,0.0,0.0,626.7
2004,Punjab,Roopnagar / Ropar,36.0,5.0,0.0,19.0,19.0,6.0,57.1,299.1,23.8,159.0,0.0,12.7,636.7
2005,Punjab,Roopnagar / Ropar,0.0,0.0,0.0,0.0,0.0,0.0,257.0,98.4,88.2,0.0,0.0,0.0,443.6
2006,Punjab,Roopnagar / Ropar,22.5,4.5,107.9,4.0,59.0,102.0,228.0,225.0,23.0,6.0,6.0,4.0,791.9
2007,Punjab,Roopnagar / Ropar,1.0,109.0,104.0,26.0,9.5,75.4,191.1,341.2,110.9,1.1,4.5,16.5,990.2
2008,Punjab,Roopnagar / Ropar,26.5,7.6,0.0,27.8,19.0,292.5,155.4,306.4,191.2,25.7,0.0,0.0,1052.1
2009,Punjab,Roopnagar / Ropar,8.1,15.3,24.7,29.6,9.9,30.4,239.3,150.3,171.6,0.0,0.0,0.0,679.2
2010,Punjab,Roopnagar / Ropar,4.5,11.0,41.0,10.0,10.0,45.7,420.0,200.0,130.0,0.0,5.0,20.0,897.2
2011,Punjab,Roopnagar / Ropar,0.0,0.0,0.0,0.0,4.1,7.8,0.0,0.0,0.0,0.0,0.0,0.0,11.9
2012,Punjab,Roopnagar / Ropar,65.1,7.7,1.8,31.0,2.9,12.2,204.4,303.5,141.9,1.0,1.4,10.0,782.9
2013,Punjab,Roopnagar / Ropar,23.1,61.2,29.2,1.2,23.2,244.4,220.8,272.3,45.6,12.3,8.7,15.8,957.8
2014,Punjab,Roopnagar / Ropar,41.2,36.7,41.4,21.1,27.8,12.7,127.2,137.6,126.3,12.5,1.0,40.4,625.9
2015,Punjab,Roopnagar / Ropar,44.1,42.2,92.5,30.6,22.2,54.0,245.9,206.2,72.5,15.7,0.0,4.3,830.2
2003,Punjab,Ludhiana,15.0,59.3,24.0,3.9,6.7,54.3,157.0,77.3,69.5,0.0,3.5,3.5,474.0
2004,Punjab,Ludhiana,29.9,1.9,0.0,4.0,20.5,24.2,28.6,123.0,3.2,33.8,0.0,0.9,270.0
2005,Punjab,Ludhiana,28.3,43.8,19.7,1.2,0.5,20.3,149.3,110.1,79.2,0.0,0.0,0.0,452.4
2006,Punjab,Ludhiana,10.6,0.0,28.9,2.0,7.0,34.0,114.0,103.0,71.0,4.0,10.0,6.0,390.5
2007,Punjab,Ludhiana,2.0,50.0,48.0,17.0,8.3,79.9,50.4,72.6,93.6,0.0,1.3,5.4,428.5
2008,Punjab,Ludhiana,8.6,4.5,0.0,47.0,77.2,252.3,89.3,262.8,84.6,10.7,0.0,3.9,840.9
2009,Punjab,Ludhiana,11.5,16.0,8.2,40.0,7.0,31.3,282.9,61.7,74.6,19.7,0.0,0.0,552.9
2010,Punjab,Ludhiana,4.0,8.0,12.0,8.0,4.0,34.0,277.0,81.0,135.0,16.0,0.0,25.0,604.0
2011,Punjab,Ludhiana,0.0,0.0,0.0,5.4,7.6,44.6,5.0,0.0,6.0,0.0,0.0,0.0,68.6
2012,Punjab,Ludhiana,17.2,3.6,0.7,27.7,0.7,4.2,71.9,101.6,71.4,1.9,0.0,7.4,308.3
2013,Punjab,Ludhiana,5.9,58.5,20.0,2.1,3.9,148.7,100.2,159.9,23.8,20.0,1.1,10.4,554.5
2014,Punjab,Ludhiana,30.5,17.9,26.0,17.5,27.2,19.8,90.8,32.2,78.8,5.0,0.0,14.6,360.3
2015,Punjab,Ludhiana,19.1,20.6,73.5,44.6,19.4,25.8,222.3,113.6,73.7,8.3,0.5,1.0,622.4
2003,Punjab,Ferozpur,0.5,13.7,0.2,0.0,2.4,5.2,7.8,0.0,0.0,0.0,0.0,0.0,29.8
2004,Punjab,Ferozpur,30.0,11.2,0.0,1.8,21.3,44.0,5.2,34.4,10.6,14.6,0.7,1.5,175.3
2005,Punjab,Ferozpur,13.2,48.9,31.1,6.7,4.3,12.0,78.8,49.2,46.8,0.0,0.0,0.0,291.0
2006,Punjab,Ferozpur,9.7,0.0,34.4,0.0,13.0,46.0,72.0,2.0,55.0,3.0,7.0,3.0,245.1
2007,Punjab,Ferozpur,0.0,64.0,21.0,0.0,0.0,61.1,84.0,56.0,17.5,0.0,0.0,3.0,306.6
2008,Punjab,Ferozpur,3.0,0.5,0.0,8.0,11.0,12.5,5.0,60.3,11.0,5.0,0.0,3.0,119.3
2009,Punjab,Ferozpur,12.5,2.4,1.1,19.5,0.5,2.0,21.5,11.7,61.8,0.0,0.0,0.0,133.0
2010,Punjab,Ferozpur,8.9,13.4,12.7,27.0,3.0,11.7,104.0,0.0,22.7,0.0,0.0,0.0,203.4
2011,Punjab,Ferozpur,0.0,6.6,3.0,5.4,9.8,6.0,9.0,22.0,0.0,0.0,0.0,0.0,61.8
2012,Punjab,Ferozpur,2.4,0.0,0.2,10.3,0.0,1.9,7.8,8.2,31.8,0.9,0.0,2.0,65.5
2013,Punjab,Ferozpur,0.8,8.9,1.0,1.3,0.5,35.0,97.3,161.6,5.2,9.8,12.3,0.0,333.7
2014,Punjab,Ferozpur,1.0,2.7,28.3,22.4,5.4,22.6,30.3,6.6,85.0,0.1,0.0,0.3,204.7
2015,Punjab,Ferozpur,2.8,10.8,33.2,9.9,2.9,25.5,45.5,18.4,19.9,1.0,0.0,0.0,169.9
2003,Punjab,Bhatinda,0.0,31.5,0.0,0.0,4.5,19.5,135.0,117.2,28.2,0.0,0.0,0.0,335.9
2004,Punjab,Bhatinda,28.0,7.7,0.0,0.0,30.6,38.6,4.2,85.0,4.0,9.9,0.0,1.5,209.5
2005,Punjab,Bhatinda,26.2,44.6,19.3,3.0,13.0,47.1,167.4,53.5,148.0,9.9,0.0,1.5,533.5
2006,Punjab,Bhatinda,14.0,0.0,60.2,0.0,42.0,51.0,58.0,16.0,108.0,11.0,9.0,11.0,380.2
2007,Punjab,Bhatinda,0.0,88.0,8.0,0.0,0.0,54.1,56.6,22.8,27.5,0.0,2.2,0.0,259.2
2008,Punjab,Bhatinda,3.7,2.9,0.0,23.2,36.5,190.8,58.2,155.3,47.5,8.0,0.0,0.9,527.0
2009,Punjab,Bhatinda,13.8,19.1,5.8,10.5,3.9,5.6,106.1,18.1,69.1,0.0,0.0,0.0,252.0
2010,Punjab,Bhatinda,13.3,19.0,3.0,3.0,3.3,7.3,94.7,25.4,74.9,0.0,0.0,9.1,253.0
2011,Punjab,Bhatinda,0.0,40.0,0.0,4.1,7.8,46.0,27.0,7.3,0.0,0.0,0.0,0.0,132.2
2012,Punjab,Bhatinda,14.2,0.0,0.0,7.5,0.5,14.6,28.6,115.8,28.4,3.1,0.0,3.2,215.9
2013,Punjab,Bhatinda,8.0,40.0,15.0,12.0,3.0,88.0,107.0,305.0,10.0,0.0,4.0,0.5,592.5
2014,Punjab,Bhatinda,11.0,24.1,29.0,13.5,34.5,32.2,64.0,2.9,119.2,1.3,4.8,0.3,336.8
2015,Punjab,Bhatinda,21.0,13.5,80.0,7.5,13.0,22.3,101.0,73.9,63.0,4.0,0.0,0.0,399.2
2003,Punjab,Sangrur,2.8,37.0,2.4,0.0,1.8,23.2,158.8,53.6,5.0,0.0,0.2,1.2,286.0
2004,Punjab,Sangrur,11.2,1.6,0.0,22.7,29.9,42.1,22.4,158.7,5.7,14.9,0.0,2.0,311.2
2005,Punjab,Sangrur,27.1,51.3,18.4,3.1,1.3,28.2,178.9,97.9,94.2,0.0,0.0,0.0,500.4
2006,Punjab,Sangrur,5.0,0.0,28.0,0.0,26.0,57.0,123.0,21.0,62.0,3.0,8.0,6.0,339.0
2007,Punjab,Sangrur,3.0,42.0,37.0,3.5,0.0,23.0,0.0,32.0,16.0,0.0,0.0,3.0,159.5
2008,Punjab,Sangrur,13.0,4.0,0.0,43.3,10.0,147.7,43.5,130.5,22.5,4.0,0.0,0.0,418.5
2009,Punjab,Sangrur,1.8,1.5,2.8,0.6,2.6,7.5,226.9,7.5,73.3,0.0,0.0,0.0,324.5
2010,Punjab,Sangrur,5.6,10.9,7.2,16.6,3.4,7.6,259.0,14.8,81.0,0.0,0.0,10.0,416.1
2011,Punjab,Sangrur,0.0,10.1,0.0,0.0,0.0,12.0,8.4,0.0,0.0,0.0,0.0,0.0,30.5
2012,Punjab,Sangrur,8.9,0.0,0.0,22.8,0.0,22.7,23.8,43.9,85.0,0.4,0.0,6.9,214.4
2013,Punjab,Sangrur,7.8,50.3,17.6,0.6,0.8,115.4,18.1,81.9,14.1,6.4,1.6,10.8,325.4
2014,Punjab,Sangrur,14.1,7.4,33.1,13.8,30.5,13.2,22.2,24.5,74.5,9.2,1.7,26.1,270.3
2015,Punjab,Sangrur,23.5,20.1,40.5,40.3,18.4,68.8,107.6,90.4,77.3,4.7,1.1,0.0,492.7
2003,Punjab,Patiala,55.9,48.2,7.5,11.0,6.1,68.2,202.3,123.4,121.0,0.0,0.2,11.5,655.3
2004,Punjab,Patiala,57.6,0.2,0.0,37.8,44.7,74.1,37.2,477.6,26.5,49.0,0.0,4.0,808.7
2005,Punjab,Patiala,32.2,50.2,29.5,7.0,1.9,82.1,237.7,95.7,108.5,0.3,0.1,0.0,645.2
2006,Punjab,Patiala,12.6,1.4,41.6,0.0,26.0,43.0,173.0,47.0,28.0,0.0,7.0,3.0,382.6
2007,Punjab,Patiala,0.0,51.0,45.0,10.6,4.1,73.6,48.2,179.2,47.8,3.0,0.0,2.3,464.8
2008,Punjab,Patiala,14.9,2.8,0.0,19.5,176.8,481.1,101.8,255.5,255.6,10.6,1.7,0.1,1320.4
2009,Punjab,Patiala,9.3,10.1,23.0,38.7,9.7,14.3,125.9,118.0,163.3,3.8,0.0,0.0,516.1
2010,Punjab,Patiala,9.4,11.5,19.3,24.0,8.2,45.0,163.2,67.6,122.0,0.0,0.0,13.5,483.7
2011,Punjab,Patiala,2.0,0.0,0.0,0.0,0.0,7.0,12.0,0.0,58.5,0.0,0.0,0.0,79.5
2012,Punjab,Patiala,10.4,0.1,0.3,17.9,3.7,18.3,127.4,110.2,74.1,0.5,0.9,7.8,371.6
2013,Punjab,Patiala,8.2,54.5,16.5,0.7,0.6,87.5,129.4,167.0,30.3,3.7,1.3,4.1,503.8
2014,Punjab,Patiala,33.6,32.7,30.1,13.4,20.2,14.7,54.3,19.4,140.2,8.0,1.0,28.2,395.8
2015,Punjab,Patiala,15.5,27.1,78.0,22.0,13.4,55.8,144.7,93.4,55.8,7.3,1.1,0.0,514.1
2003,Haryana,Hissar,1.0,12.5,0.5,1.0,10.0,4.3,284.8,90.5,27.0,0.0,0.0,8.5,440.1
2004,Haryana,Hissar,11.5,0.9,0.0,16.2,38.3,41.6,3.0,138.3,14.9,34.2,0.0,2.0,300.9
2005,Haryana,Hissar,21.4,49.1,46.1,23.6,4.8,43.6,146.8,12.8,117.1,0.0,9.0,0.0,474.3
2006,Haryana,Hissar,0.0,0.0,20.0,1.0,45.7,46.0,75.8,11.4,53.4,0.0,0.0,0.0,253.3
2007,Haryana,Hissar,0.0,36.6,21.7,0.0,11.6,76.7,6.0,15.7,30.0,0.0,0.0,0.0,198.3
2008,Haryana,Hissar,3.5,2.4,0.0,11.9,50.4,103.7,83.7,115.6,63.1,3.3,8.3,0.8,446.7
2009,Haryana,Hissar,7.8,8.0,3.8,12.8,20.1,20.4,51.3,11.5,125.3,0.0,0.0,0.0,261.0
2010,Haryana,Hissar,7.0,2.5,2.0,1.3,0.0,27.0,94.5,91.0,93.5,0.0,0.0,11.4,330.2
2011,Haryana,Hissar,0.8,44.0,5.5,10.0,27.5,33.8,33.8,39.5,105.0,0.0,0.0,0.5,300.4
2012,Haryana,Hissar,4.2,0.0,0.0,27.9,9.1,7.7,32.8,145.9,23.7,10.9,0.3,3.1,265.6
2013,Haryana,Hissar,16.4,26.4,15.9,1.9,1.1,53.4,64.2,123.6,105.5,1.3,5.7,0.0,415.4
2014,Haryana,Hissar,1.5,10.8,21.9,7.7,25.2,26.4,35.6,16.1,33.9,4.9,0.0,2.4,186.4
2015,Haryana,Hissar,5.8,5.9,49.0,36.2,2.8,68.9,48.9,64.2,10.9,4.1,2.3,0.0,299.0
2003,Haryana,Gurgaon,16.4,26.7,0.0,0.0,6.0,13.9,309.0,331.1,42.6,0.0,0.0,15.5,761.2
2004,Haryana,Gurgaon,16.0,0.0,0.0,20.1,5.0,73.3,43.3,267.4,19.6,113.5,0.0,0.0,558.2
2005,Haryana,Gurgaon,2.5,47.0,13.6,0.2,7.2,42.3,311.7,52.0,161.8,0.0,0.0,0.0,638.3
2006,Haryana,Gurgaon,0.0,0.0,52.0,3.0,29.0,13.0,115.4,37.3,63.3,0.0,0.0,3.5,316.5
2007,Haryana,Gurgaon,0.0,104.6,63.9,0.0,11.5,68.8,67.4,80.3,38.6,0.0,0.0,0.0,435.1
2008,Haryana,Gurgaon,54.3,110.5,139.6,207.5,102.2,0.0,0.0,0.0,0.0,0.0,0.0,0.0,614.1
2009,Haryana,Gurgaon,0.0,1.0,0.0,8.0,1.5,18.0,68.1,96.3,244.1,0.0,0.0,0.0,437.0
2010,Haryana,Gurgaon,0.0,6.5,0.0,3.0,5.2,1.7,380.8,380.5,234.8,0.0,6.8,0.0,1019.3
2011,Haryana,Gurgaon,0.0,22.0,0.0,0.4,17.2,74.3,87.2,149.5,111.0,0.0,0.0,0.0,461.6
2012,Haryana,Gurgaon,1.3,0.0,0.0,3.3,1.7,1.5,147.6,249.2,81.4,0.0,0.0,0.0,486.0
2013,Haryana,Gurgaon,11.0,53.0,2.5,4.0,0.0,25.7,96.1,173.0,35.7,0.0,0.0,0.0,401.0
2014,Haryana,Gurgaon,0.0,13.0,40.8,16.0,46.2,11.3,112.6,11.8,38.3,4.3,0.0,2.7,297.0
2015,Haryana,Gurgaon,10.9,0.0,49.8,17.5,6.9,31.5,180.3,139.2,30.6,0.0,0.0,0.0,466.7
2003,Haryana,Jind,8.3,18.7,0.0,0.7,1.3,14.3,231.3,125.7,28.7,0.0,0.0,15.0,444.0
2004,Haryana,Jind,22.9,5.0,0.0,42.0,54.0,79.8,5.1,322.3,10.8,91.0,1.0,0.8,634.7
2005,Haryana,Jind,26.7,24.7,59.5,2.5,0.0,22.2,337.8,70.0,270.2,0.0,0.0,0.0,813.6
2006,Haryana,Jind,0.0,0.0,29.0,0.0,27.8,30.0,160.0,43.8,54.3,5.0,0.3,2.2,352.4
2007,Haryana,Jind,0.0,102.2,58.4,0.0,20.9,78.6,61.4,84.4,58.1,0.0,0.0,0.0,464.0
2008,Haryana,Jind,1.5,0.0,170.4,102.1,123.4,154.8,0.0,9.5,0.0,0.0,0.0,0.0,561.7
2009,Haryana,Jind,10.5,8.8,9.0,15.0,0.0,18.5,114.3,29.2,201.5,0.0,0.0,0.0,406.8
2010,Haryana,Jind,12.7,10.3,1.7,3.3,11.3,57.0,235.7,126.7,231.3,0.0,1.0,20.7,711.7
2011,Haryana,Jind,1.0,41.3,9.7,7.7,28.0,148.0,101.0,120.7,231.3,0.0,0.0,0.0,688.7
2012,Haryana,Jind,0.0,0.0,0.0,5.3,0.0,0.0,40.4,132.1,34.7,0.6,3.7,3.8,220.6
2013,Haryana,Jind,31.0,88.8,6.0,6.2,0.0,69.5,93.6,184.0,4.4,2.2,0.0,0.0,485.7
2014,Haryana,Jind,4.2,5.2,41.6,1.3,48.5,9.3,50.9,33.4,76.0,9.4,0.0,3.1,282.9
2015,Haryana,Jind,4.0,8.5,75.3,43.6,7.3,75.4,86.8,83.7,21.7,3.5,7.0,0.0,416.8
2003,Haryana,Mahendragarh / Narnaul,16.4,12.3,1.5,0.0,21.6,25.3,225.3,64.5,34.4,0.0,0.0,4.1,405.4
2004,Haryana,Mahendragarh / Narnaul,2.9,0.0,0.0,13.0,11.8,7.4,5.9,172.9,0.0,50.5,0.0,0.0,264.4
2005,Haryana,Mahendragarh / Narnaul,6.2,29.3,6.5,0.0,0.7,111.5,64.2,19.0,85.7,0.0,0.0,0.0,323.1
2006,Haryana,Mahendragarh / Narnaul,0.0,0.0,16.0,0.0,2.1,7.0,102.9,5.3,15.3,7.3,0.0,4.5,160.4
2007,Haryana,Mahendragarh / Narnaul,2.4,46.5,47.2,0.0,5.2,52.5,50.2,68.4,57.2,0.0,0.0,1.2,330.8
2008,Haryana,Mahendragarh / Narnaul,0.0,0.0,0.0,30.0,133.5,266.0,121.0,140.8,133.9,0.0,2.3,0.0,827.5
2009,Haryana,Mahendragarh / Narnaul,2.0,0.0,9.0,0.0,14.0,47.6,51.1,68.4,84.8,0.0,0.0,0.0,276.9
2010,Haryana,Mahendragarh / Narnaul,0.3,8.8,0.8,0.0,4.3,13.0,165.6,266.2,211.2,0.0,20.0,13.8,704.0
2011,Haryana,Mahendragarh / Narnaul,0.0,28.4,1.0,23.4,33.8,83.4,83.8,180.5,159.0,0.0,0.0,0.0,593.3
2012,Haryana,Mahendragarh / Narnaul,1.4,0.0,0.0,0.1,8.3,3.6,44.0,246.9,47.3,26.0,0.0,0.0,377.6
2013,Haryana,Mahendragarh / Narnaul,25.0,68.2,0.0,0.0,0.0,23.4,91.1,157.3,41.6,0.1,1.0,0.0,407.7
2014,Haryana,Mahendragarh / Narnaul,0.0,13.1,23.2,23.0,8.9,56.0,54.1,39.9,49.8,23.8,0.0,1.8,293.6
2015,Haryana,Mahendragarh / Narnaul,9.8,0.0,57.9,23.4,0.3,40.7,76.1,43.9,14.4,7.2,0.0,0.0,273.7
2003,Haryana,Ambala,40.5,67.5,14.0,13.0,6.0,133.5,274.5,370.0,152.5,0.0,0.0,13.5,1085.0
2004,Haryana,Ambala,74.5,0.0,0.0,26.3,75.2,146.0,89.7,607.4,93.2,88.5,0.0,2.1,1202.9
2005,Haryana,Ambala,31.4,47.3,36.2,2.5,4.2,97.6,461.7,182.5,194.8,0.0,0.0,0.0,1058.2
2006,Haryana,Ambala,13.0,0.0,60.0,2.0,70.8,69.0,296.1,104.8,38.7,7.8,3.0,4.5,669.7
2007,Haryana,Ambala,0.0,200.0,134.0,3.5,15.0,183.5,116.0,267.5,32.0,0.0,0.0,3.0,954.5
2008,Haryana,Ambala,13.1,0.8,0.0,18.1,129.7,250.9,268.0,298.5,232.2,13.0,3.6,0.0,1227.9
2009,Haryana,Ambala,7.3,15.6,9.7,21.0,24.8,48.9,187.8,152.6,308.9,2.9,0.0,0.0,779.5
2010,Haryana,Ambala,9.0,18.0,0.0,0.0,14.5,83.0,440.0,233.5,320.5,11.0,0.0,42.5,1172.0
2011,Haryana,Ambala,2.0,18.0,23.0,8.0,65.5,319.0,510.0,181.0,88.5,0.0,0.0,0.0,1215.0
2012,Haryana,Ambala,18.0,0.0,0.6,24.3,1.5,7.0,175.7,211.6,104.3,0.0,0.3,6.2,549.5
2013,Haryana,Ambala,58.1,79.9,25.7,2.2,7.5,160.0,226.5,313.1,50.3,8.9,6.4,9.0,947.6
2014,Haryana,Ambala,54.4,43.2,39.5,12.9,20.5,21.1,189.4,140.6,78.7,25.5,0.2,60.4,686.4
2015,Haryana,Ambala,24.7,24.3,112.5,35.9,20.5,28.8,196.2,124.3,110.3,5.8,5.0,1.6,689.9
2003,Haryana,Karnal,6.5,31.1,9.0,0.0,7.5,29.0,192.0,88.0,44.5,0.0,0.0,16.0,423.6
2004,Haryana,Karnal,65.4,0.0,0.0,32.6,78.4,49.2,17.5,282.9,58.6,41.2,0.0,4.5,630.3
2005,Haryana,Karnal,37.2,34.3,36.2,0.8,23.8,85.9,74.9,59.3,210.3,0.0,0.0,0.0,562.7
2006,Haryana,Karnal,2.0,5.0,36.0,0.0,29.9,78.0,117.4,9.5,36.3,7.9,0.0,0.0,322.0
2007,Haryana,Karnal,2.3,151.0,64.3,0.0,3.3,103.1,96.2,92.0,88.1,2.7,0.0,0.0,600.3
2008,Haryana,Karnal,1.4,2.4,0.0,15.6,71.7,155.0,103.7,146.4,109.1,1.2,7.1,0.0,613.6
2009,Haryana,Karnal,7.5,5.5,3.7,19.0,12.7,16.2,83.7,65.6,271.7,0.0,0.0,0.0,485.6
2010,Haryana,Karnal,3.5,9.5,0.3,0.0,5.0,65.5,188.0,168.5,123.5,0.0,0.0,18.0,581.8
2011,Haryana,Karnal,1.0,33.0,16.0,18.5,31.5,110.5,54.5,124.0,98.5,0.0,0.0,0.0,487.5
2012,Haryana,Karnal,5.4,0.6,0.4,15.1,1.2,0.0,41.7,230.5,56.7,0.0,0.0,8.0,359.6
2013,Haryana,Karnal,47.5,71.6,2.6,6.3,0.8,166.2,129.9,210.2,37.2,17.2,0.6,1.7,691.8
2014,Haryana,Karnal,63.4,38.7,40.7,11.2,29.7,34.0,80.9,44.5,161.1,43.1,0.0,14.4,561.7
2015,Haryana,Karnal,11.4,17.0,91.0,53.0,5.0,75.5,254.8,82.1,37.6,5.6,6.7,0.0,639.7
2003,Haryana,Rohtak,10.0,25.0,1.0,0.0,10.0,11.0,279.0,96.0,101.0,0.0,0.0,3.0,536.0
2004,Haryana,Rohtak,18.3,0.0,0.0,20.3,36.8,30.5,0.0,242.0,0.0,52.5,0.0,0.0,400.4
2005,Haryana,Rohtak,10.2,34.6,51.4,8.5,2.8,32.1,218.9,46.1,205.9,0.0,1.0,0.0,611.5
2006,Haryana,Rohtak,1.0,0.0,26.0,1.0,18.8,134.0,86.1,48.6,115.0,1.6,0.0,0.8,432.9
2007,Haryana,Rohtak,0.0,36.3,41.3,0.0,4.3,61.6,43.4,38.5,4.5,0.0,0.0,5.5,235.4
2008,Haryana,Rohtak,0.0,1.1,0.0,30.7,145.7,85.0,101.9,117.8,83.1,0.0,15.3,0.0,580.6
2009,Haryana,Rohtak,1.0,0.1,2.6,55.8,10.1,18.0,81.0,31.3,202.9,0.0,0.0,0.0,402.8
2010,Haryana,Rohtak,8.0,8.0,0.0,0.0,0.0,4.5,85.5,201.5,154.5,5.0,3.0,4.5,474.5
2011,Haryana,Rohtak,0.0,25.5,4.0,4.0,17.0,53.0,14.5,51.0,74.0,0.0,0.0,0.0,243.0
2012,Haryana,Rohtak,3.1,0.4,0.0,18.1,5.3,8.0,58.0,144.8,21.8,3.0,0.0,1.0,263.5
2013,Haryana,Rohtak,1.0,4.3,0.0,18.0,0.0,26.8,49.6,112.8,33.3,17.0,0.0,0.0,262.8
2014,Haryana,Rohtak,2.0,7.0,9.6,8.6,11.4,8.9,26.8,22.6,40.6,0.0,0.0,10.2,147.7
2015,Haryana,Rohtak,6.6,0.2,37.3,69.8,6.0,35.1,77.2,78.4,4.0,6.5,1.2,0.0,322.3
2004,Uttar Pradesh,Saharanpur,82.8,4.4,0.0,35.8,70.9,68.9,91.5,461.6,48.3,49.2,17.5,1.7,932.6
2005,Uttar Pradesh,Saharanpur,27.5,31.4,62.2,0.0,1.0,96.0,367.0,97.0,453.0,0.0,0.0,0.0,1135.1
2006,Uttar Pradesh,Saharanpur,9.0,0.0,97.0,0.0,59.0,1.0,231.0,67.0,38.0,0.0,1.0,3.0,506.0
2007,Uttar Pradesh,Saharanpur,0.0,110.0,71.0,2.8,11.5,149.0,182.9,324.6,35.8,0.0,0.0,0.0,887.6
2008,Uttar Pradesh,Saharanpur,0.0,313.6,196.8,225.1,24.6,8.3,0.0,0.0,0.0,0.0,0.0,0.0,768.4
2009,Uttar Pradesh,Saharanpur,0.0,142.2,193.9,218.9,0.0,0.0,0.0,0.0,0.0,0.0,0.0,0.0,555.0
2010,Uttar Pradesh,Saharanpur,3.3,25.6,26.0,2.2,33.8,86.5,191.9,149.8,145.8,5.1,0.1,0.2,670.3
2011,Uttar Pradesh,Saharanpur,2.4,34.8,13.9,3.7,42.5,139.1,222.0,187.0,204.8,33.4,0.1,0.0,883.7
2012,Uttar Pradesh,Saharanpur,10.3,1.7,3.3,18.3,2.0,4.0,153.0,349.6,162.3,0.0,0.0,8.8,713.3
2013,Uttar Pradesh,Saharanpur,93.4,163.1,0.0,0.0,0.0,311.0,376.0,434.7,67.0,72.0,0.0,24.7,1541.9
2014,Uttar Pradesh,Saharanpur,65.0,52.2,32.3,9.4,12.7,20.0,147.0,67.3,107.0,32.7,0.0,22.0,567.6
2015,Uttar Pradesh,Saharanpur,17.0,18.0,108.0,18.6,8.7,51.7,233.9,189.7,75.3,7.3,9.3,0.0,737.5
2004,Uttar Pradesh,Muzaffarnagar,21.1,0.9,0.0,19.5,42.8,39.9,54.7,156.4,29.4,43.7,0.0,0.0,408.4
2005,Uttar Pradesh,Muzaffarnagar,21.5,33.3,25.4,0.0,0.0,112.0,176.0,55.0,400.0,0.0,0.0,0.0,823.2
2006,Uttar Pradesh,Muzaffarnagar,2.0,0.0,33.0,0.0,18.0,37.0,451.0,39.0,59.0,21.0,0.0,2.0,662.0
2007,Uttar Pradesh,Muzaffarnagar,1.0,46.0,17.0,0.0,18.9,98.1,101.3,82.7,113.8,0.0,0.0,0.0,478.8
2008,Uttar Pradesh,Muzaffarnagar,76.4,111.8,46.7,0.0,10.7,0.0,0.0,0.0,0.0,0.0,0.0,0.0,245.6
2009,Uttar Pradesh,Muzaffarnagar,10.4,30.6,1.4,12.2,3.0,1.9,81.8,28.1,113.5,0.0,0.0,0.0,282.9
2010,Uttar Pradesh,Muzaffarnagar,1.1,14.6,22.8,2.2,14.5,47.0,143.9,83.2,114.7,3.8,1.9,0.9,450.6
2011,Uttar Pradesh,Muzaffarnagar,2.0,18.0,7.9,2.5,22.6,70.4,129.5,126.0,121.6,0.6,1.9,0.9,503.9
2012,Uttar Pradesh,Muzaffarnagar,11.6,0.3,7.7,8.9,1.1,0.0,191.3,217.7,48.4,0.2,1.3,20.6,509.1
2013,Uttar Pradesh,Muzaffarnagar,57.6,137.8,6.8,0.9,11.0,219.1,95.0,385.5,67.3,66.4,4.8,11.5,1063.7
2014,Uttar Pradesh,Muzaffarnagar,45.8,58.5,21.4,18.2,30.2,19.1,149.9,64.8,79.6,12.2,0.0,10.7,510.4
2015,Uttar Pradesh,Muzaffarnagar,25.0,1.8,113.3,25.5,13.7,158.5,230.2,125.3,78.9,2.0,10.1,0.0,784.3
2004,Uttar Pradesh,Meerut,26.0,0.0,0.0,44.3,67.9,32.0,36.4,348.7,34.3,82.7,50.0,0.0,722.3
2005,Uttar Pradesh,Meerut,0.0,39.0,6.0,0.0,21.0,81.0,163.0,64.0,226.0,0.0,0.0,0.0,600.0
2006,Uttar Pradesh,Meerut,0.0,0.0,10.0,6.0,13.0,9.0,70.0,8.0,94.0,0.0,0.0,0.0,210.0
2007,Uttar Pradesh,Meerut,0.0,53.0,21.0,0.0,1.9,92.0,70.9,109.4,17.0,0.0,0.0,0.0,365.2
2008,Uttar Pradesh,Meerut,0.4,0.0,0.0,1.2,47.2,58.7,190.6,95.7,36.6,0.0,7.0,0.0,437.4
2009,Uttar Pradesh,Meerut,2.2,1.4,0.0,0.0,2.0,5.1,99.8,51.2,60.0,0.0,0.0,0.0,221.7
2010,Uttar Pradesh,Meerut,0.2,15.6,17.9,1.3,12.4,29.4,133.4,78.2,84.7,2.9,0.2,0.7,376.9
2011,Uttar Pradesh,Meerut,0.2,16.6,8.7,1.5,19.5,44.4,151.1,121.8,73.5,0.2,0.2,0.7,438.4
2012,Uttar Pradesh,Meerut,14.5,0.0,17.4,20.9,0.0,0.3,68.4,189.3,70.2,0.7,1.0,12.7,395.4
2013,Uttar Pradesh,Meerut,34.7,100.4,5.7,2.1,20.6,157.8,143.8,313.8,80.9,60.5,1.1,2.4,923.8
2014,Uttar Pradesh,Meerut,69.3,42.1,36.7,4.4,28.2,29.2,113.8,28.4,109.7,1.4,0.0,3.8,467.0
2015,Uttar Pradesh,Meerut,30.2,22.9,98.9,21.9,25.7,74.6,160.6,114.6,34.7,0.8,2.6,0.0,587.5
2004,Uttar Pradesh,Buland Shahar,4.0,0.0,0.0,3.0,10.3,35.2,72.4,262.1,48.3,49.6,0.0,0.0,484.9
2005,Uttar Pradesh,Buland Shahar,34.5,0.0,0.0,4.0,22.0,25.0,329.0,82.0,209.0,0.0,0.0,0.0,705.5
2006,Uttar Pradesh,Buland Shahar,0.0,0.0,0.0,0.0,3.0,6.0,226.0,44.0,67.0,0.0,0.0,0.0,346.0
2007,Uttar Pradesh,Buland Shahar,0.0,28.0,16.0,0.0,0.0,54.2,158.5,170.2,21.7,0.0,0.0,0.0,448.6
2008,Uttar Pradesh,Buland Shahar,5.8,81.0,239.3,319.3,87.4,0.0,0.0,0.0,0.0,0.0,0.0,0.0,732.8
2009,Uttar Pradesh,Buland Shahar,6.0,90.2,176.9,91.4,34.7,0.0,0.0,0.0,0.0,0.0,0.0,0.0,399.2
2010,Uttar Pradesh,Buland Shahar,0.5,9.3,3.9,1.7,5.4,23.6,114.6,97.8,83.9,5.5,4.1,0.8,351.1
2011,Uttar Pradesh,Buland Shahar,0.5,9.3,3.2,2.8,3.6,33.9,101.8,88.0,79.7,3.3,3.6,0.8,330.5
2012,Uttar Pradesh,Buland Shahar,10.7,0.0,0.0,6.7,1.0,5.5,124.8,192.8,56.8,0.0,0.0,0.3,398.6
2013,Uttar Pradesh,Buland Shahar,25.5,73.8,7.7,1.0,4.0,167.2,102.3,109.7,14.1,19.5,1.7,4.2,530.7
2014,Uttar Pradesh,Buland Shahar,56.0,13.8,30.0,5.0,8.6,22.6,71.0,39.5,75.8,11.5,0.0,6.5,340.3
2015,Uttar Pradesh,Buland Shahar,13.5,0.0,56.7,14.0,1.7,47.7,187.9,221.2,3.2,6.5,0.0,0.0,552.4
2004,Uttar Pradesh,Aligarh,9.6,0.0,0.0,30.8,22.1,17.2,33.5,272.4,79.7,48.4,0.0,0.0,513.7
2005,Uttar Pradesh,Aligarh,11.5,21.8,26.0,10.0,8.0,17.0,341.0,27.0,176.0,0.0,0.0,0.0,638.3
2006,Uttar Pradesh,Aligarh,1.0,0.0,0.0,3.0,18.0,10.0,127.0,38.0,49.0,25.0,0.0,0.0,271.0
2007,Uttar Pradesh,Aligarh,4.0,52.0,46.0,0.0,6.0,86.4,168.8,145.9,12.2,0.0,0.0,0.0,521.3
2008,Uttar Pradesh,Aligarh,0.0,0.0,0.0,24.0,106.4,173.6,243.1,208.0,124.1,0.0,0.0,0.0,879.2
2009,Uttar Pradesh,Aligarh,0.0,61.5,137.2,34.9,19.1,0.0,0.0,0.0,0.0,0.0,0.0,0.0,252.7
2010,Uttar Pradesh,Aligarh,0.3,10.0,5.7,3.1,14.7,41.7,138.9,108.5,100.8,7.5,5.6,0.6,437.4
2011,Uttar Pradesh,Aligarh,1.4,11.4,5.6,1.2,12.5,36.9,146.3,125.2,70.4,6.3,4.8,0.0,422.0
2012,Uttar Pradesh,Aligarh,21.5,0.0,0.0,3.2,0.6,9.5,138.3,229.4,86.1,4.5,0.0,3.5,496.6
2013,Uttar Pradesh,Aligarh,9.8,42.6,0.7,9.1,8.7,90.9,164.9,204.2,71.8,36.7,0.0,11.1,650.5
2014,Uttar Pradesh,Aligarh,56.2,11.3,16.6,7.7,8.9,36.6,99.5,44.3,76.3,22.1,0.0,7.6,387.1
2015,Uttar Pradesh,Aligarh,39.5,0.0,56.0,27.9,6.5,34.7,123.3,209.5,26.5,15.2,0.0,4.7,543.8
2004,Uttar Pradesh,Mathura,8.0,0.0,0.0,7.7,22.0,49.7,20.2,220.3,8.2,151.0,0.0,0.0,487.1
2005,Uttar Pradesh,Mathura,0.0,11.2,36.3,2.0,1.0,8.0,594.0,132.0,95.0,0.0,0.0,0.0,879.5
2006,Uttar Pradesh,Mathura,0.0,0.0,1.0,0.0,5.0,6.0,235.0,25.0,29.0,0.0,0.0,5.0,306.0
2007,Uttar Pradesh,Mathura,0.0,15.0,32.0,0.0,0.0,21.4,113.8,63.9,31.0,0.0,0.0,0.0,277.1
2008,Uttar Pradesh,Mathura,0.0,15.3,34.5,114.3,275.1,260.8,131.1,0.0,0.0,0.0,0.0,0.0,831.1
2009,Uttar Pradesh,Mathura,0.0,0.0,0.0,0.0,20.0,10.0,100.6,152.4,77.8,17.0,0.0,0.0,377.8
2010,Uttar Pradesh,Mathura,0.0,11.2,17.4,0.8,8.3,24.9,150.0,122.3,90.9,1.3,4.5,0.0,431.6
2011,Uttar Pradesh,Mathura,2.0,14.3,7.2,5.1,18.6,55.1,168.2,111.8,106.9,7.6,7.7,3.1,507.6
2012,Uttar Pradesh,Mathura,0.5,0.0,0.0,1.5,0.0,1.0,186.9,240.2,112.5,0.0,0.0,0.0,542.6
2013,Uttar Pradesh,Mathura,6.0,49.0,0.0,0.0,0.0,35.8,135.4,138.3,36.0,34.3,0.0,1.0,435.8
2014,Uttar Pradesh,Mathura,10.5,17.5,20.5,5.0,10.0,20.1,68.8,58.4,59.4,0.0,0.0,0.0,270.2
2015,Uttar Pradesh,Mathura,8.0,0.0,55.0,33.0,1.0,116.5,152.2,107.1,26.1,1.5,0.0,3.0,503.4
2004,Uttar Pradesh,Agra,21.6,0.0,0.0,4.0,10.5,26.7,91.6,160.9,56.2,60.8,0.0,0.0,432.3
2005,Uttar Pradesh,Agra,0.0,0.0,8.5,0.0,1.0,15.0,302.0,41.0,55.0,0.0,0.0,1.0,423.5
2006,Uttar Pradesh,Agra,0.0,0.0,2.0,0.0,16.0,21.0,204.0,53.0,30.0,2.0,0.0,0.0,328.0
2007,Uttar Pradesh,Agra,0.0,31.0,24.0,0.0,4.5,62.9,81.3,116.1,46.6,0.0,0.0,0.4,366.8
2008,Uttar Pradesh,Agra,0.0,0.0,0.0,14.1,22.2,116.0,173.2,162.7,56.6,0.3,0.0,0.0,545.1
2009,Uttar Pradesh,Agra,0.0,0.0,0.0,1.6,38.0,16.8,74.1,76.7,84.4,62.6,0.0,0.0,354.2
2010,Uttar Pradesh,Agra,0.6,8.5,4.2,0.0,5.2,37.3,96.6,70.4,62.4,5.7,7.6,0.0,298.5
2011,Uttar Pradesh,Agra,1.6,9.7,0.0,0.9,10.8,12.4,88.1,71.7,71.3,3.5,7.3,0.0,277.3
2012,Uttar Pradesh,Agra,23.4,1.1,0.0,5.4,0.7,5.7,184.8,281.3,90.2,0.6,0.0,0.0,593.2
2013,Uttar Pradesh,Agra,10.5,27.3,2.3,0.5,3.2,70.6,163.1,269.1,76.0,83.2,0.2,5.0,711.0
2014,Uttar Pradesh,Agra,40.2,23.9,16.6,2.0,6.5,12.3,73.9,128.0,42.9,4.3,0.0,12.3,362.9
2015,Uttar Pradesh,Agra,32.0,0.5,71.8,25.5,13.4,27.2,57.2,105.0,23.9,14.0,0.0,2.9,373.4
2004,Uttar Pradesh,Mainpuri,13.8,0.0,0.0,4.9,42.8,58.6,84.9,263.6,113.4,103.5,0.0,0.0,685.5
2005,Uttar Pradesh,Mainpuri,11.0,14.8,44.5,0.0,20.0,6.0,300.0,119.0,116.0,0.0,0.0,0.0,631.3
2006,Uttar Pradesh,Mainpuri,0.0,0.0,0.0,0.0,0.0,36.0,0.0,95.0,2.0,0.0,0.0,0.0,133.0
2007,Uttar Pradesh,Mainpuri,0.0,0.0,0.0,0.0,0.0,0.0,0.0,0.0,0.0,0.0,0.0,0.0,-1.0
2008,Uttar Pradesh,Mainpuri,57.2,236.0,436.0,367.8,91.2,0.0,0.0,0.0,0.0,0.0,0.0,0.0,1188.2
2009,Uttar Pradesh,Mainpuri,0.0,0.7,11.5,0.0,85.9,220.4,115.6,87.8,0.0,0.0,0.0,0.0,521.9
2010,Uttar Pradesh,Mainpuri,15.4,11.0,4.0,23.0,62.6,211.7,199.0,164.9,78.2,24.9,5.7,0.2,800.6
2011,Uttar Pradesh,Mainpuri,0.8,8.7,4.1,0.2,5.8,48.2,97.8,87.0,68.9,5.9,7.9,0.3,335.6
2012,Uttar Pradesh,Mainpuri,13.1,0.0,0.0,7.4,0.0,21.4,176.4,137.8,40.1,0.0,0.0,0.0,396.2
2013,Uttar Pradesh,Mainpuri,16.2,33.0,0.0,0.0,0.0,192.6,188.0,242.1,43.0,66.1,0.0,14.5,795.5
2014,Uttar Pradesh,Mainpuri,44.6,12.3,14.6,2.7,0.0,15.2,101.8,34.7,39.3,0.5,0.0,9.4,275.1
2015,Uttar Pradesh,Mainpuri,16.6,0.0,46.7,15.4,10.1,18.4,127.6,82.8,9.1,0.0,0.0,9.7,336.4
2004,Uttar Pradesh,Etah,10.8,0.0,0.0,33.7,25.1,17.2,63.1,239.0,50.5,46.5,0.0,0.0,485.9
2005,Uttar Pradesh,Etah,0.6,11.4,26.6,0.0,10.0,25.0,157.0,53.0,97.0,0.0,0.0,1.0,381.6
2006,Uttar Pradesh,Etah,0.0,0.0,0.0,0.0,15.0,128.0,243.0,143.0,83.0,16.0,0.0,0.0,628.0
2007,Uttar Pradesh,Etah,0.0,85.0,65.0,0.0,15.4,13.6,139.5,127.2,32.1,1.0,0.0,0.0,478.8
2008,Uttar Pradesh,Etah,0.0,3.8,9.6,98.7,157.2,175.5,46.5,0.0,0.0,0.0,0.0,0.0,491.3
2009,Uttar Pradesh,Etah,0.0,0.0,18.3,12.3,0.0,41.9,109.4,64.4,31.3,0.0,0.0,0.0,277.6
2010,Uttar Pradesh,Etah,0.7,13.3,5.7,3.7,12.0,33.9,126.4,95.1,88.1,5.7,3.7,0.1,388.4
2011,Uttar Pradesh,Etah,0.7,0.0,0.7,0.7,14.1,172.8,328.8,231.2,122.0,0.7,0.0,1.0,872.7
2012,Uttar Pradesh,Etah,37.0,0.0,0.0,11.0,2.7,5.0,161.5,181.3,74.3,0.0,0.0,0.0,472.8
2013,Uttar Pradesh,Etah,16.0,33.6,1.7,0.0,0.0,115.8,167.8,221.7,36.0,53.0,0.3,6.7,652.6
2014,Uttar Pradesh,Etah,40.3,6.4,17.5,9.0,2.3,3.7,92.5,63.8,64.5,8.1,0.0,8.3,316.4
2015,Uttar Pradesh,Etah,36.2,0.0,43.0,19.4,4.0,53.4,126.5,77.0,18.3,8.7,0.0,2.3,388.8
2004,Uttar Pradesh,Bareilly,10.1,0.0,0.0,30.9,29.0,164.9,215.6,188.6,51.1,77.2,0.0,0.0,767.4
2005,Uttar Pradesh,Bareilly,8.8,54.7,23.9,24.0,14.0,60.0,279.0,89.0,330.0,0.0,0.0,0.0,883.4
2006,Uttar Pradesh,Bareilly,0.0,0.0,13.0,7.0,31.0,88.0,203.0,130.0,75.0,28.0,0.0,2.0,577.0
2007,Uttar Pradesh,Bareilly,0.0,56.0,3.0,1.0,56.7,155.0,358.5,218.6,154.4,0.0,0.0,0.7,1003.9
2008,Uttar Pradesh,Bareilly,0.0,1.1,0.0,9.4,10.2,302.9,437.8,371.8,211.1,11.9,0.0,0.0,1356.2
2009,Uttar Pradesh,Bareilly,0.0,1.0,0.9,6.4,8.6,44.1,174.5,384.9,159.8,93.3,0.0,0.0,873.5
2010,Uttar Pradesh,Bareilly,10.1,3.9,1.8,16.4,42.5,156.3,164.2,199.7,179.2,17.7,2.8,1.7,796.3
2011,Uttar Pradesh,Bareilly,3.1,19.0,6.3,2.8,21.8,84.1,261.2,283.8,197.2,15.9,2.8,1.7,899.7
2012,Uttar Pradesh,Bareilly,31.8,0.0,0.0,6.7,0.2,12.7,166.2,248.5,148.5,0.9,0.0,2.0,617.5
2013,Uttar Pradesh,Bareilly,34.2,53.1,3.8,0.4,8.1,371.1,428.8,244.6,90.7,45.6,0.4,7.7,1288.5
2014,Uttar Pradesh,Bareilly,40.0,25.0,38.9,9.3,10.4,35.3,218.5,76.3,97.3,16.5,0.0,22.5,590.0
2015,Uttar Pradesh,Bareilly,43.5,8.4,72.4,19.9,5.5,162.6,281.4,186.7,33.0,6.1,1.4,0.0,820.9
2004,Uttar Pradesh,Budaun,65.8,0.0,0.0,0.0,0.0,87.9,118.2,69.3,43.6,42.0,0.0,0.0,426.8
2005,Uttar Pradesh,Budaun,4.0,0.0,0.7,0.0,1.0,73.0,112.0,36.0,18.0,0.0,0.0,0.0,244.7
2006,Uttar Pradesh,Budaun,0.0,0.0,0.0,0.0,0.0,0.0,124.0,60.0,24.0,0.0,0.0,0.0,208.0
2007,Uttar Pradesh,Budaun,0.0,0.0,2.0,0.0,13.5,91.5,207.8,176.8,37.5,0.0,0.0,0.0,529.1
2008,Uttar Pradesh,Budaun,43.7,193.2,430.8,350.7,87.9,3.0,0.6,0.0,0.0,0.0,0.0,0.0,1109.9
2009,Uttar Pradesh,Budaun,0.0,0.0,13.4,16.0,0.0,154.6,296.2,102.5,71.0,0.0,0.0,0.0,653.7
2010,Uttar Pradesh,Budaun,12.2,7.4,0.8,15.5,59.7,247.5,199.7,199.0,98.0,18.0,6.3,2.7,866.9
2011,Uttar Pradesh,Budaun,1.7,21.3,11.1,2.7,17.2,79.8,218.3,226.4,98.9,12.4,6.1,2.6,698.5
2012,Uttar Pradesh,Budaun,32.8,0.0,0.0,4.5,0.0,3.3,169.4,190.4,68.9,3.0,0.0,2.4,474.7
2013,Uttar Pradesh,Budaun,15.6,31.9,3.0,0.5,0.4,166.7,190.5,117.2,75.0,50.0,0.4,12.0,663.2
2014,Uttar Pradesh,Budaun,36.6,24.7,24.0,7.0,5.2,14.8,121.4,67.0,47.4,30.4,0.0,11.8,390.3
2015,Uttar Pradesh,Budaun,44.5,0.0,53.7,21.4,8.6,94.9,267.6,179.2,33.4,0.2,0.0,2.4,705.9
2004,Uttar Pradesh,Moradabad,20.7,0.0,0.0,41.5,52.9,92.1,194.9,332.3,119.3,50.8,0.0,0.0,904.5
2005,Uttar Pradesh,Moradabad,51.2,27.2,55.1,0.0,2.0,38.0,338.0,34.0,467.0,0.0,0.0,0.0,1012.5
2006,Uttar Pradesh,Moradabad,0.0,0.0,7.0,0.0,12.0,58.0,296.0,114.0,121.0,25.0,0.0,9.0,642.0
2007,Uttar Pradesh,Moradabad,0.0,90.0,58.0,0.0,10.6,112.8,216.5,339.0,192.5,0.0,0.0,0.0,1019.4
2008,Uttar Pradesh,Moradabad,0.0,0.0,13.4,365.2,173.1,315.6,58.8,2.0,7.4,0.0,0.0,0.0,935.5
2009,Uttar Pradesh,Moradabad,0.0,10.8,4.0,39.6,5.7,13.3,145.6,195.9,171.2,103.5,0.0,0.0,689.6
2010,Uttar Pradesh,Moradabad,0.2,10.5,6.8,1.1,11.9,51.6,154.6,168.1,129.6,17.7,3.6,1.8,557.5
2011,Uttar Pradesh,Moradabad,0.5,15.2,7.7,2.0,16.8,88.6,194.7,246.8,134.7,17.4,3.6,1.8,729.8
2012,Uttar Pradesh,Moradabad,19.3,1.4,3.0,6.4,1.1,4.2,190.4,288.6,137.2,0.0,0.2,3.7,655.5
2013,Uttar Pradesh,Moradabad,13.3,60.5,8.1,3.0,0.5,364.3,340.6,311.8,54.4,37.1,2.7,9.4,1205.7
2014,Uttar Pradesh,Moradabad,33.2,58.2,52.2,9.3,6.6,13.4,285.2,89.3,126.8,30.5,0.0,33.8,738.5
2015,Uttar Pradesh,Moradabad,35.0,19.9,55.7,29.0,21.9,197.8,346.3,164.2,30.1,8.0,4.6,0.0,912.5
2004,Uttar Pradesh,Shahjahanpur,20.0,0.0,0.0,3.0,11.7,138.3,128.8,79.5,218.7,78.4,0.1,0.0,678.5
2005,Uttar Pradesh,Shahjahanpur,25.6,3.0,23.0,0.0,4.0,78.0,175.0,141.0,165.0,0.0,0.0,3.0,617.6
2006,Uttar Pradesh,Shahjahanpur,0.0,0.0,3.0,1.0,5.0,219.0,227.0,32.0,26.0,24.0,0.0,5.0,542.0
2007,Uttar Pradesh,Shahjahanpur,0.0,85.0,34.0,0.0,34.3,163.7,289.5,153.1,24.8,0.0,0.0,0.0,784.4
2008,Uttar Pradesh,Shahjahanpur,0.0,1.2,3.7,214.4,367.3,391.5,184.7,29.7,0.0,0.0,0.0,0.0,1192.5
2009,Uttar Pradesh,Shahjahanpur,0.0,0.5,0.0,1.5,11.7,70.6,151.5,273.2,200.5,130.2,0.0,0.0,839.7
2010,Uttar Pradesh,Shahjahanpur,0.0,0.0,0.0,0.0,0.0,0.0,0.0,193.6,167.2,37.2,1.9,4.9,404.8
2011,Uttar Pradesh,Shahjahanpur,0.3,21.3,11.7,2.5,20.0,99.9,273.0,250.1,173.6,35.2,1.9,4.0,893.5
2012,Uttar Pradesh,Shahjahanpur,33.8,0.0,0.0,7.5,0.0,1.1,279.7,316.8,237.6,2.1,0.0,0.9,879.5
2013,Uttar Pradesh,Shahjahanpur,31.2,69.7,1.7,2.7,0.0,271.3,388.2,240.1,67.4,33.1,11.1,8.7,1125.2
2014,Uttar Pradesh,Shahjahanpur,37.8,21.4,16.6,3.5,3.6,22.9,259.3,71.6,70.0,25.6,0.0,8.3,540.6
2015,Uttar Pradesh,Shahjahanpur,26.5,0.0,67.9,25.8,8.3,43.8,267.5,191.2,6.7,7.7,0.0,0.0,645.4
2004,Uttar Pradesh,Pilibhit,0.0,26.7,10.0,92.3,152.9,56.2,197.0,41.3,0.0,0.0,0.0,0.0,576.4
2005,Uttar Pradesh,Pilibhit,13.1,15.5,2.6,0.0,10.0,20.0,144.0,0.0,38.0,0.0,0.0,0.0,243.2
2006,Uttar Pradesh,Pilibhit,0.0,0.0,0.0,0.0,0.0,35.0,73.0,42.0,33.0,0.0,0.0,0.0,183.0
2007,Uttar Pradesh,Pilibhit,0.0,0.0,0.0,0.0,8.8,62.0,246.8,142.6,72.0,4.8,0.0,0.0,537.0
2008,Uttar Pradesh,Pilibhit,0.0,1.3,6.6,67.2,148.0,77.2,51.2,0.0,0.0,0.0,0.0,0.0,351.5
2009,Uttar Pradesh,Pilibhit,19.1,127.9,295.2,205.8,145.6,0.0,0.0,0.0,0.0,0.0,0.0,0.0,793.6
2010,Uttar Pradesh,Pilibhit,18.8,13.3,9.7,30.1,106.3,270.3,193.6,164.2,121.4,30.6,0.0,0.1,958.5
2011,Uttar Pradesh,Pilibhit,0.0,10.1,3.4,1.3,22.3,52.1,203.7,242.4,142.9,30.6,0.0,0.1,708.9
2012,Uttar Pradesh,Pilibhit,17.2,0.0,0.8,8.9,0.0,16.1,276.8,225.9,236.6,0.0,0.0,0.0,782.3
2013,Uttar Pradesh,Pilibhit,26.4,49.2,1.0,0.0,0.0,251.3,218.0,211.6,51.6,33.9,0.0,8.5,851.5
2014,Uttar Pradesh,Pilibhit,19.4,11.3,18.8,5.0,1.7,54.8,185.8,108.8,47.1,20.5,0.0,11.0,484.2
2015,Uttar Pradesh,Pilibhit,40.3,8.3,81.3,9.9,4.3,102.8,158.6,98.8,4.7,7.8,2.4,0.7,519.9
2004,Uttar Pradesh,Rampur,0.0,84.1,65.4,135.2,79.3,0.0,0.0,0.0,0.0,0.0,0.0,0.0,364.0
2005,Uttar Pradesh,Rampur,1.9,30.5,17.8,0.0,0.0,0.0,89.0,15.0,130.0,0.0,0.0,0.0,284.2
2006,Uttar Pradesh,Rampur,0.0,0.0,0.0,0.0,0.0,3.0,0.0,3.0,75.0,0.0,0.0,0.0,81.0
2007,Uttar Pradesh,Rampur,0.0,0.0,0.0,0.0,0.0,0.0,0.0,0.0,0.0,0.0,0.0,0.0,-1.0
2008,Uttar Pradesh,Rampur,0.0,0.0,115.5,215.4,52.4,4.7,0.0,0.0,0.0,0.0,0.0,0.0,388.0
2009,Uttar Pradesh,Rampur,2.7,66.1,160.5,95.7,44.7,0.0,0.0,0.0,0.0,0.0,0.0,0.0,369.7
2010,Uttar Pradesh,Rampur,0.4,12.9,9.1,1.4,13.5,51.1,175.7,191.4,128.5,11.0,1.7,0.3,597.0
2011,Uttar Pradesh,Rampur,1.9,12.9,9.1,1.4,14.0,71.8,209.4,246.2,133.4,9.7,1.7,0.3,711.8
2012,Uttar Pradesh,Rampur,15.1,0.0,3.2,6.2,0.0,0.0,111.0,169.1,75.4,0.0,0.0,0.0,380.0
2013,Uttar Pradesh,Rampur,10.7,54.1,0.0,4.4,0.0,151.5,224.8,226.1,53.2,27.9,3.8,5.8,762.3
2014,Uttar Pradesh,Rampur,29.4,46.2,41.7,6.7,3.5,7.0,162.8,79.6,79.5,32.6,0.0,37.2,526.2
2015,Uttar Pradesh,Rampur,41.6,20.6,79.1,13.7,5.7,59.2,194.6,76.0,5.8,5.0,5.9,0.0,507.2
2004,Uttar Pradesh,Bijnor,18.5,14.0,0.0,78.8,58.9,84.8,283.5,378.0,139.5,35.4,0.0,0.0,1091.4
2005,Uttar Pradesh,Bijnor,27.1,39.4,15.9,2.0,19.0,111.0,398.0,77.0,404.0,0.0,0.0,0.0,1093.4
2006,Uttar Pradesh,Bijnor,2.0,0.0,16.0,3.0,163.0,35.0,186.0,138.0,63.0,13.0,0.0,4.0,623.0
2007,Uttar Pradesh,Bijnor,1.0,142.0,76.0,11.9,29.9,172.7,259.6,287.6,125.9,57.0,0.0,0.0,1163.6
2008,Uttar Pradesh,Bijnor,1.3,0.0,0.0,10.5,42.1,270.0,294.2,255.4,52.1,24.8,18.8,0.0,969.2
2009,Uttar Pradesh,Bijnor,0.0,18.3,7.0,4.7,16.8,43.6,99.3,262.3,230.0,16.8,0.0,0.0,698.8
2010,Uttar Pradesh,Bijnor,2.0,29.0,13.7,5.8,45.0,103.9,293.6,204.4,156.1,13.5,0.0,4.0,871.0
2011,Uttar Pradesh,Bijnor,3.1,33.3,12.3,3.6,24.3,123.4,268.0,249.7,153.7,10.5,0.0,2.8,884.7
2012,Uttar Pradesh,Bijnor,11.0,1.8,17.5,2.3,0.7,1.6,179.3,212.3,175.2,0.0,0.0,11.2,612.9
2013,Uttar Pradesh,Bijnor,40.0,113.9,15.1,0.0,0.0,208.1,219.3,383.6,63.3,40.5,4.1,11.2,1099.1
2014,Uttar Pradesh,Bijnor,92.1,47.6,31.5,6.5,45.9,6.7,391.8,90.1,155.8,19.0,0.0,14.0,901.0
2015,Uttar Pradesh,Bijnor,36.1,5.8,91.2,20.5,12.5,171.1,279.1,268.5,99.2,2.5,4.5,0.0,991.0
2004,Uttar Pradesh,Farrukhabad,35.8,0.0,0.0,4.1,50.4,182.6,228.0,122.5,100.7,81.2,0.0,0.0,805.3
2005,Uttar Pradesh,Farrukhabad,0.0,33.4,8.2,0.0,4.0,51.0,299.0,84.0,177.0,5.0,0.0,7.0,668.6
2006,Uttar Pradesh,Farrukhabad,0.0,0.0,0.0,6.0,0.0,87.0,466.0,100.0,89.0,0.0,0.0,1.0,749.0
2007,Uttar Pradesh,Farrukhabad,0.0,2.0,6.0,0.0,0.0,9.0,225.7,141.2,31.6,0.0,0.0,0.0,415.5
2008,Uttar Pradesh,Farrukhabad,0.0,12.8,112.9,310.1,209.8,100.0,0.0,0.0,0.0,0.0,0.0,0.0,745.6
2009,Uttar Pradesh,Farrukhabad,0.0,0.0,0.0,3.2,271.6,4.3,90.1,224.7,106.6,47.5,0.0,0.0,748.0
2010,Uttar Pradesh,Farrukhabad,14.7,0.9,0.2,4.0,44.2,157.1,118.5,163.6,104.1,5.5,5.2,0.7,618.7
2011,Uttar Pradesh,Farrukhabad,0.8,2.5,1.7,0.0,3.3,31.2,75.3,67.1,42.0,3.3,0.4,0.4,228.0
2012,Uttar Pradesh,Farrukhabad,32.9,0.0,0.0,3.5,0.0,0.0,161.2,126.9,121.9,0.0,0.0,0.0,446.4
2013,Uttar Pradesh,Farrukhabad,10.9,42.5,0.0,0.0,0.0,209.5,247.0,146.4,58.7,38.0,4.1,3.5,760.6
2014,Uttar Pradesh,Farrukhabad,43.2,15.6,20.4,12.9,1.9,16.8,74.0,7.9,125.0,13.7,0.0,15.7,347.1
2015,Uttar Pradesh,Farrukhabad,23.2,0.0,57.8,19.3,5.2,46.1,158.7,128.1,14.0,9.3,0.0,0.5,462.2
2004,Uttar Pradesh,Etawah,44.0,0.0,0.0,2.3,24.6,27.6,68.2,171.6,142.5,94.6,0.0,0.0,575.4
2005,Uttar Pradesh,Etawah,1.5,0.8,3.5,0.0,0.0,6.0,398.0,48.0,67.0,0.0,0.0,1.0,525.8
2006,Uttar Pradesh,Etawah,0.0,0.0,2.0,0.0,0.0,0.0,160.0,31.0,35.0,0.0,0.0,0.0,228.0
2007,Uttar Pradesh,Etawah,0.0,3.0,19.0,0.0,0.0,54.6,42.3,76.1,25.9,0.0,0.0,0.0,220.9
2008,Uttar Pradesh,Etawah,0.0,0.0,0.0,12.6,16.0,101.2,293.9,256.8,74.3,0.0,0.0,0.0,754.8
2009,Uttar Pradesh,Etawah,0.0,0.0,2.1,0.0,96.0,133.2,106.0,42.6,0.0,0.0,0.0,0.0,379.9
2010,Uttar Pradesh,Etawah,12.5,6.2,0.4,4.4,36.4,156.6,89.5,92.4,69.1,12.5,5.2,3.6,488.7
2011,Uttar Pradesh,Etawah,0.0,14.7,0.9,0.2,6.1,55.6,173.8,115.6,101.3,24.0,1.2,2.6,496.0
2012,Uttar Pradesh,Etawah,16.0,0.0,0.0,4.0,0.5,2.1,164.8,221.1,49.2,0.0,0.0,0.0,457.7
2013,Uttar Pradesh,Etawah,1.0,25.5,0.0,0.0,0.0,150.4,196.0,236.8,41.0,17.0,2.0,12.0,681.7
2014,Uttar Pradesh,Etawah,30.0,16.0,1.5,0.0,0.0,15.5,67.2,71.7,57.4,0.3,0.0,13.3,272.9
2015,Uttar Pradesh,Etawah,7.0,0.0,95.8,7.9,3.5,42.6,132.1,158.4,40.8,5.4,0.0,28.5,522.0
2012,Uttar Pradesh,Kanpur,42.6,10.4,0.1,1.4,0.0,0.3,280.6,183.1,101.8,0.0,0.0,0.0,620.1
2013,Uttar Pradesh,Kanpur,2.3,104.7,0.4,0.1,0.0,247.1,222.3,155.4,43.3,80.8,0.1,1.0,857.2
2014,Uttar Pradesh,Kanpur,81.9,26.6,14.8,2.0,1.3,18.7,143.3,57.5,95.1,29.6,0.0,11.0,481.7
2015,Uttar Pradesh,Kanpur,24.1,0.1,92.0,11.1,10.2,29.3,90.9,69.1,28.8,13.7,0.0,19.5,388.7
2004,Uttar Pradesh,Fatehpur,14.9,0.0,0.0,2.6,1.4,250.3,65.6,228.7,100.2,41.4,0.0,0.0,705.1
2005,Uttar Pradesh,Fatehpur,12.8,5.3,22.0,0.0,18.0,19.0,167.0,21.0,125.0,0.0,0.0,11.0,401.1
2006,Uttar Pradesh,Fatehpur,0.0,0.0,13.0,1.0,1.0,93.0,194.0,58.0,35.0,0.0,12.0,0.0,407.0
2007,Uttar Pradesh,Fatehpur,0.0,45.0,37.0,0.7,2.2,37.3,215.6,195.4,22.8,0.7,0.0,0.0,556.7
2008,Uttar Pradesh,Fatehpur,307.0,532.3,224.7,53.1,0.0,0.0,0.0,0.0,0.0,0.0,0.0,0.0,1117.1
2009,Uttar Pradesh,Fatehpur,0.0,73.0,134.1,143.1,53.7,0.0,0.0,0.0,0.0,0.0,0.0,0.0,403.9
2010,Uttar Pradesh,Fatehpur,2.2,11.5,5.4,0.7,4.6,64.4,216.4,193.5,78.3,17.4,4.0,1.9,600.3
2011,Uttar Pradesh,Fatehpur,1.8,9.5,0.0,0.0,17.3,84.7,135.7,129.5,128.3,14.8,6.2,0.9,528.7
2012,Uttar Pradesh,Fatehpur,39.2,14.0,0.0,1.4,0.0,10.0,326.7,195.1,123.2,0.0,0.0,0.0,709.6
2013,Uttar Pradesh,Fatehpur,0.0,96.5,0.0,0.0,0.0,474.8,219.3,208.7,22.1,69.5,0.0,0.0,1090.9
2014,Uttar Pradesh,Fatehpur,39.7,28.6,24.9,0.0,0.0,23.8,134.8,39.8,58.6,44.1,0.0,21.4,415.7
2015,Uttar Pradesh,Fatehpur,15.6,5.4,40.5,11.2,0.0,4.1,72.5,19.2,1.9,4.8,5.9,5.6,186.7
2004,Uttar Pradesh,Allahabad,25.9,0.0,0.0,15.5,9.9,215.2,163.2,195.0,102.1,2.2,0.0,0.0,729.0
2005,Uttar Pradesh,Allahabad,44.9,12.5,16.9,3.0,14.0,73.0,301.0,244.0,88.0,29.0,0.0,18.0,844.3
2006,Uttar Pradesh,Allahabad,0.0,0.0,24.0,24.0,6.0,23.0,439.0,138.0,48.0,39.0,0.0,0.0,741.0
2007,Uttar Pradesh,Allahabad,0.0,76.0,25.0,1.2,21.9,77.0,295.4,295.4,209.2,2.8,0.0,5.4,1009.3
2008,Uttar Pradesh,Allahabad,0.6,10.0,0.0,3.1,38.5,322.4,446.9,326.1,67.5,20.3,1.7,0.0,1237.1
2009,Uttar Pradesh,Allahabad,0.0,0.5,14.4,3.2,26.8,3.1,172.7,64.8,177.8,33.6,0.0,0.0,496.9
2010,Uttar Pradesh,Allahabad,1.7,21.7,7.4,4.3,9.2,63.3,260.7,188.1,103.9,18.6,6.7,1.1,686.7
2011,Uttar Pradesh,Allahabad,0.0,9.8,4.2,0.0,0.2,74.0,117.0,137.1,66.8,4.0,2.4,1.2,416.7
2012,Uttar Pradesh,Allahabad,43.7,0.0,0.8,9.2,0.1,23.1,385.4,246.1,363.5,2.7,0.0,0.0,1074.6
2013,Uttar Pradesh,Allahabad,0.0,68.1,3.2,0.3,0.0,245.0,294.8,337.9,64.1,220.3,0.0,0.6,1234.3
2014,Uttar Pradesh,Allahabad,81.8,47.6,28.7,0.0,2.9,38.2,208.1,149.2,73.6,114.5,0.0,9.7,754.3
2015,Uttar Pradesh,Allahabad,59.9,1.0,48.3,33.8,0.0,81.9,160.1,156.6,14.2,19.9,0.0,1.2,576.9
2004,Uttar Pradesh,Jhansi,12.3,0.0,0.0,7.0,5.3,71.2,134.1,260.2,85.8,117.4,0.0,0.0,693.3
2005,Uttar Pradesh,Jhansi,9.1,2.0,39.0,1.0,11.0,59.0,182.0,121.0,133.0,17.0,0.0,2.0,576.1
2006,Uttar Pradesh,Jhansi,0.0,0.0,45.0,0.0,19.0,239.0,140.0,101.0,28.0,3.0,0.0,0.0,575.0
2007,Uttar Pradesh,Jhansi,1.0,17.0,18.0,0.1,13.9,69.5,82.3,99.9,36.5,0.0,0.0,0.8,339.0
2008,Uttar Pradesh,Jhansi,0.0,0.0,0.0,2.8,18.2,583.2,244.0,206.8,90.3,0.0,24.3,0.0,1169.6
2009,Uttar Pradesh,Jhansi,8.8,0.8,2.7,12.0,8.0,189.7,181.9,70.5,57.6,0.0,0.0,0.0,532.0
2010,Uttar Pradesh,Jhansi,0.6,9.1,7.9,0.7,8.6,84.8,155.6,127.9,73.7,18.9,8.4,2.0,498.2
2011,Uttar Pradesh,Jhansi,0.0,6.1,1.8,0.0,3.5,79.1,160.8,125.6,104.4,11.4,15.9,0.4,509.0
2012,Uttar Pradesh,Jhansi,48.3,1.0,0.0,2.7,0.0,2.8,298.0,229.5,67.1,0.0,0.0,0.0,649.4
2013,Uttar Pradesh,Jhansi,0.4,91.2,1.9,5.9,0.0,177.6,317.5,409.6,25.1,157.7,4.0,13.2,1204.1
2014,Uttar Pradesh,Jhansi,60.0,38.7,11.0,7.3,3.4,25.7,142.0,120.3,111.1,15.0,0.0,34.5,569.0
2015,Uttar Pradesh,Jhansi,38.6,14.7,45.8,15.8,10.8,21.9,221.0,125.5,21.4,11.5,6.2,0.3,533.5
2004,Uttar Pradesh,Jalaun,19.0,0.0,0.0,6.4,3.8,30.0,151.4,160.9,190.0,67.9,0.0,0.0,629.4
2005,Uttar Pradesh,Jalaun,5.5,1.0,6.5,0.0,2.0,12.0,239.0,218.0,132.0,0.0,0.0,0.0,616.0
2006,Uttar Pradesh,Jalaun,0.0,0.0,0.0,0.0,0.0,0.0,301.0,77.0,26.0,0.0,0.0,0.0,404.0
2007,Uttar Pradesh,Jalaun,0.0,0.0,14.0,0.0,0.0,77.5,82.9,88.2,57.1,0.0,0.0,0.0,319.7
2008,Uttar Pradesh,Jalaun,0.0,0.0,0.0,176.2,309.5,135.2,106.8,8.7,0.0,0.0,0.0,0.0,736.4
2009,Uttar Pradesh,Jalaun,0.0,0.0,0.4,0.0,132.2,154.2,105.4,108.5,0.0,0.0,0.0,0.0,500.7
2010,Uttar Pradesh,Jalaun,9.1,7.9,0.7,8.6,84.8,155.6,127.9,96.7,78.5,14.6,15.9,0.4,600.6
2011,Uttar Pradesh,Jalaun,0.3,4.7,1.6,0.0,6.5,69.5,165.7,152.7,83.3,17.6,5.4,0.4,507.7
2012,Uttar Pradesh,Jalaun,17.0,1.0,0.0,7.0,0.0,2.5,230.3,282.8,134.9,0.0,0.0,0.0,675.5
2013,Uttar Pradesh,Jalaun,1.3,83.8,1.7,0.0,0.0,205.4,197.7,318.0,35.6,151.3,0.0,8.0,1002.8
2014,Uttar Pradesh,Jalaun,90.9,22.8,4.0,0.0,6.3,21.8,137.0,68.7,125.5,7.0,0.0,18.7,502.7
2015,Uttar Pradesh,Jalaun,31.4,0.0,52.0,4.1,4.7,20.8,190.1,120.7,3.0,19.6,0.0,3.7,450.1
2004,Uttar Pradesh,Hamirpur,28.9,0.0,0.0,2.2,1.5,59.9,93.4,145.4,168.2,59.5,0.0,0.0,559.0
2005,Uttar Pradesh,Hamirpur,10.5,0.5,20.5,0.0,4.0,100.0,187.0,186.0,58.0,0.0,0.0,0.0,566.5
2006,Uttar Pradesh,Hamirpur,0.0,0.0,3.0,0.0,6.0,2.0,221.0,73.0,65.0,0.0,7.0,0.0,377.0
2007,Uttar Pradesh,Hamirpur,0.0,30.0,10.0,0.0,0.7,56.9,115.2,155.8,60.4,1.1,0.0,3.3,433.4
2008,Uttar Pradesh,Hamirpur,0.0,0.0,2.2,219.5,431.0,229.3,109.9,5.8,11.4,0.0,0.0,0.0,1009.1
2009,Uttar Pradesh,Hamirpur,2.8,1.8,2.0,5.2,31.2,10.7,179.4,204.4,135.1,86.4,0.0,0.0,659.0
2010,Uttar Pradesh,Hamirpur,1.4,17.1,10.8,1.8,10.9,76.8,198.2,163.9,79.2,26.0,10.3,2.6,599.0
2011,Uttar Pradesh,Hamirpur,3.2,7.8,0.0,1.3,8.4,228.9,202.5,167.0,113.3,17.3,20.1,1.4,771.2
2012,Uttar Pradesh,Hamirpur,54.2,3.7,0.0,2.0,0.0,2.8,211.8,255.3,114.7,0.0,0.0,0.0,644.5
2013,Uttar Pradesh,Hamirpur,0.0,97.4,1.3,6.0,0.0,240.3,172.0,422.6,84.6,105.9,1.7,4.7,1136.5
2014,Uttar Pradesh,Hamirpur,46.7,26.2,8.0,3.1,8.7,29.1,109.0,99.3,105.0,23.0,0.0,27.0,485.1
2015,Uttar Pradesh,Hamirpur,22.7,15.4,76.7,10.3,1.3,10.4,188.2,102.8,22.8,10.5,0.3,9.0,470.4
2004,Uttar Pradesh,Banda,5.0,0.0,0.0,0.5,11.0,209.3,147.4,249.4,122.8,92.5,0.0,0.0,837.9
2005,Uttar Pradesh,Banda,0.9,3.9,11.0,0.0,21.0,40.0,323.0,274.0,190.0,0.0,0.0,15.0,878.8
2006,Uttar Pradesh,Banda,0.0,0.0,23.0,0.0,7.0,3.0,390.0,158.0,32.0,0.0,0.0,0.0,613.0
2007,Uttar Pradesh,Banda,0.0,83.0,25.0,0.0,0.0,36.0,144.5,186.7,93.9,0.0,0.0,0.0,569.1
2008,Uttar Pradesh,Banda,0.0,0.0,16.1,323.8,444.2,193.9,66.0,6.0,9.7,0.0,0.0,0.0,1059.7
2009,Uttar Pradesh,Banda,0.0,0.0,47.0,17.0,143.1,194.0,178.1,74.5,0.0,0.0,0.0,0.0,653.7
2010,Uttar Pradesh,Banda,1.5,16.2,8.5,0.0,10.6,59.6,165.4,108.1,63.0,15.1,9.8,1.2,459.0
2011,Uttar Pradesh,Banda,0.8,7.9,0.2,0.0,8.2,97.6,153.5,146.0,97.5,27.2,8.1,0.2,547.2
2012,Uttar Pradesh,Banda,32.0,10.4,1.9,6.2,0.1,13.2,338.0,218.1,165.0,0.0,0.0,0.0,784.9
2013,Uttar Pradesh,Banda,0.0,78.8,2.7,1.2,0.0,410.8,331.1,306.6,35.9,120.2,0.0,1.7,1289.0
2014,Uttar Pradesh,Banda,84.9,33.9,48.2,0.1,0.9,54.4,104.4,157.9,82.5,57.8,0.0,14.2,639.2
2015,Uttar Pradesh,Banda,39.8,24.5,100.8,18.0,0.6,82.8,207.2,117.6,69.3,8.8,1.6,6.2,677.2
2004,Uttar Pradesh,Varanasi,24.8,1.7,0.0,5.3,21.6,155.7,115.0,196.0,40.1,2.1,0.0,0.0,562.3
2005,Uttar Pradesh,Varanasi,16.2,37.6,34.6,0.0,15.0,36.0,268.0,315.0,103.0,16.0,0.0,2.0,843.4
2006,Uttar Pradesh,Varanasi,0.0,0.0,22.0,25.0,32.0,32.0,376.0,203.0,67.0,16.0,3.0,0.0,776.0
2007,Uttar Pradesh,Varanasi,0.0,61.0,49.0,2.0,24.0,139.0,215.8,89.8,170.0,29.3,0.0,0.3,780.2
2008,Uttar Pradesh,Varanasi,10.3,11.2,0.1,0.3,22.1,292.0,474.2,349.2,48.8,2.1,0.0,0.0,1210.3
2009,Uttar Pradesh,Varanasi,0.6,0.0,0.0,0.9,14.9,4.9,188.2,88.2,111.4,9.3,0.0,0.0,418.4
2010,Uttar Pradesh,Varanasi,1.5,4.3,5.7,0.5,18.4,58.1,134.6,24.4,33.2,2.9,0.0,0.0,283.6
2011,Uttar Pradesh,Varanasi,2.1,5.7,5.7,0.7,25.2,73.0,190.0,219.5,139.6,5.8,1.6,0.1,669.0
2012,Uttar Pradesh,Varanasi,23.0,0.8,13.5,33.1,0.0,33.8,347.9,158.1,128.0,13.6,0.0,0.0,751.8
2013,Uttar Pradesh,Varanasi,8.1,68.1,7.3,11.4,0.0,164.7,246.9,274.3,86.7,161.6,0.0,0.0,1029.1
2014,Uttar Pradesh,Varanasi,56.4,41.8,16.3,0.1,25.0,27.8,318.1,218.9,118.6,96.9,0.0,2.9,922.8
2015,Uttar Pradesh,Varanasi,35.6,2.4,32.6,57.7,0.0,168.6,318.7,225.2,10.1,22.4,0.0,0.7,874.0
2004,Uttar Pradesh,Mirzpur,25.0,0.0,0.0,6.0,10.5,192.4,177.7,318.5,46.5,16.2,0.0,0.0,792.8
2005,Uttar Pradesh,Mirzpur,23.0,43.0,18.0,0.0,0.0,20.0,290.0,268.0,116.0,4.0,0.0,29.0,811.0
2006,Uttar Pradesh,Mirzpur,0.0,0.0,0.0,43.0,11.0,70.0,354.0,297.0,36.0,5.0,0.0,0.0,816.0
2007,Uttar Pradesh,Mirzpur,0.0,57.0,38.0,0.0,17.2,73.3,276.8,124.4,154.3,2.9,0.0,0.0,743.9
2008,Uttar Pradesh,Mirzpur,316.2,455.1,327.8,22.3,0.0,0.0,0.0,0.0,0.0,0.0,0.0,0.0,1121.4
2009,Uttar Pradesh,Mirzpur,2.4,170.4,42.9,91.7,37.9,0.0,0.0,0.0,0.0,0.0,0.0,0.0,345.3
2010,Uttar Pradesh,Mirzpur,0.8,8.3,2.7,1.1,4.0,82.5,226.9,157.6,52.8,11.8,3.0,0.0,551.5
2011,Uttar Pradesh,Mirzpur,0.7,7.3,1.9,0.0,1.1,56.9,107.5,13.1,28.2,2.9,0.0,0.0,219.6
2012,Uttar Pradesh,Mirzpur,12.5,0.0,0.0,18.0,0.0,7.3,285.2,283.8,482.8,2.3,0.0,0.0,1091.9
2013,Uttar Pradesh,Mirzpur,0.0,66.5,9.5,8.5,0.0,197.8,223.5,328.9,64.9,143.7,0.0,0.0,1043.3
2014,Uttar Pradesh,Mirzpur,45.3,36.0,7.0,0.0,20.5,52.5,241.2,148.3,96.9,58.3,0.0,1.5,707.5
2015,Uttar Pradesh,Mirzpur,35.5,0.0,24.5,16.0,1.0,134.7,242.0,189.5,5.1,35.5,0.0,0.7,684.5
2004,Uttar Pradesh,Jaunpur,0.0,0.0,0.0,0.0,111.5,127.4,177.3,12.4,0.0,0.0,0.0,0.0,428.6
2005,Uttar Pradesh,Jaunpur,0.0,4.4,11.4,0.0,0.0,54.0,278.0,210.0,194.0,6.0,0.0,0.0,757.8
2006,Uttar Pradesh,Jaunpur,0.0,0.0,0.0,1.0,0.0,55.0,630.0,200.0,69.0,0.0,0.0,0.0,955.0
2007,Uttar Pradesh,Jaunpur,0.0,30.0,0.0,0.0,0.0,89.4,442.1,102.0,289.3,8.6,0.0,0.0,961.4
2008,Uttar Pradesh,Jaunpur,209.6,449.3,343.2,98.0,20.7,0.0,0.0,0.0,0.0,0.0,0.0,0.0,1120.8
2009,Uttar Pradesh,Jaunpur,5.5,189.1,136.5,155.7,21.7,0.0,0.0,0.0,0.0,0.0,0.0,0.0,508.5
2010,Uttar Pradesh,Jaunpur,0.8,0.6,0.0,0.0,9.8,28.4,87.7,53.2,44.5,9.5,0.0,0.0,234.5
2011,Uttar Pradesh,Jaunpur,0.0,0.0,0.0,0.0,4.3,127.7,238.7,206.6,111.4,5.3,0.0,0.0,694.0
2012,Uttar Pradesh,Jaunpur,12.1,1.1,1.5,0.0,0.0,16.3,199.7,195.7,156.9,9.8,0.0,0.0,593.1
2013,Uttar Pradesh,Jaunpur,5.8,41.6,1.1,1.1,0.0,168.9,149.0,136.5,74.9,147.9,0.0,0.0,726.8
2014,Uttar Pradesh,Jaunpur,40.4,19.4,22.0,0.0,16.7,14.3,160.5,98.9,50.3,69.6,0.0,0.0,492.1
2015,Uttar Pradesh,Jaunpur,48.5,0.5,25.8,22.7,0.5,61.1,200.8,201.8,10.0,3.9,0.0,1.2,576.8
2004,Uttar Pradesh,Ghazipur,10.8,2.9,0.0,12.5,7.0,77.8,98.5,132.9,37.6,1.8,0.0,0.0,381.8
2005,Uttar Pradesh,Ghazipur,18.4,18.3,0.0,0.0,10.0,10.0,268.0,318.0,118.0,6.0,0.0,0.0,766.7
2006,Uttar Pradesh,Ghazipur,0.0,0.0,0.0,1.0,9.0,199.0,358.0,187.0,98.0,0.0,0.0,0.0,852.0
2007,Uttar Pradesh,Ghazipur,0.0,48.0,59.0,0.0,45.1,18.0,369.5,237.3,221.1,11.3,0.0,0.0,1009.3
2008,Uttar Pradesh,Ghazipur,0.0,0.0,194.7,374.4,228.0,53.2,8.2,0.0,0.0,0.0,0.0,0.0,858.5
2009,Uttar Pradesh,Ghazipur,0.0,0.0,0.0,0.0,0.0,9.8,125.3,315.4,164.5,11.8,0.0,0.0,626.8
2010,Uttar Pradesh,Ghazipur,0.4,1.0,3.6,0.1,2.5,8.8,167.9,189.1,105.6,5.8,1.6,0.1,486.5
2011,Uttar Pradesh,Ghazipur,0.4,1.2,3.4,0.4,4.8,56.9,94.1,101.0,61.7,10.3,0.0,0.1,334.3
2012,Uttar Pradesh,Ghazipur,22.7,1.7,13.7,5.8,0.0,76.7,178.7,175.9,199.7,6.0,0.0,0.0,680.9
2013,Uttar Pradesh,Ghazipur,5.7,51.4,1.4,33.9,0.0,150.2,199.4,251.4,171.6,217.2,0.0,0.0,1082.2
2014,Uttar Pradesh,Ghazipur,47.8,56.0,30.9,0.0,43.6,70.2,199.6,155.6,148.6,71.4,0.0,0.9,824.6
2015,Uttar Pradesh,Ghazipur,18.9,0.7,38.1,20.8,2.4,165.7,199.3,262.6,58.0,22.5,1.3,0.1,790.4
2004,Uttar Pradesh,Ballia,22.0,0.0,0.0,4.6,13.4,139.6,202.8,168.9,10.9,6.6,0.0,0.0,568.8
2005,Uttar Pradesh,Ballia,0.2,1.5,1.3,0.0,1.0,10.0,437.0,327.0,60.0,13.0,0.0,0.0,851.0
2006,Uttar Pradesh,Ballia,0.0,0.0,0.0,4.0,14.0,166.0,209.0,124.0,192.0,0.0,0.0,0.0,709.0
2007,Uttar Pradesh,Ballia,0.0,3.0,10.0,0.0,53.9,303.1,231.2,170.4,5.5,0.0,0.0,0.0,777.1
2008,Uttar Pradesh,Ballia,380.3,409.6,337.4,65.2,17.9,0.0,0.0,0.0,0.0,0.0,0.0,0.0,1210.4
2009,Uttar Pradesh,Ballia,0.0,23.2,86.8,109.8,61.4,9.7,0.0,0.0,0.0,0.0,0.0,0.0,290.9
2010,Uttar Pradesh,Ballia,0.0,4.3,7.7,5.9,19.6,52.6,102.0,87.4,50.1,10.3,0.0,0.1,340.0
2011,Uttar Pradesh,Ballia,0.8,4.5,6.9,0.0,15.3,55.5,156.4,139.5,102.1,6.4,0.1,0.0,487.5
2012,Uttar Pradesh,Ballia,11.4,0.0,7.6,0.0,0.0,40.0,204.4,141.5,261.8,10.6,0.0,0.0,677.3
2013,Uttar Pradesh,Ballia,0.1,32.2,1.9,16.6,2.4,133.7,146.9,193.0,101.5,158.2,0.0,0.0,786.5
2014,Uttar Pradesh,Ballia,25.6,30.0,14.5,1.4,44.9,63.1,195.6,181.8,124.9,48.0,0.0,0.1,729.9
2015,Uttar Pradesh,Ballia,14.9,0.7,16.8,25.6,35.1,105.0,143.1,220.2,31.0,9.9,0.0,0.0,602.3
2004,Uttar Pradesh,Gorakhpur,41.2,0.0,0.0,5.5,69.8,278.1,302.9,376.8,4.8,10.9,0.0,0.0,1090.0
2005,Uttar Pradesh,Gorakhpur,15.1,26.3,1.4,0.0,17.0,67.0,388.0,411.0,80.0,230.0,0.0,0.0,1235.8
2006,Uttar Pradesh,Gorakhpur,0.0,0.0,38.0,8.0,65.0,394.0,331.0,199.0,84.0,13.0,0.0,0.0,1132.0
2007,Uttar Pradesh,Gorakhpur,0.0,58.0,24.0,10.5,36.1,85.2,376.1,499.2,366.9,54.9,0.0,0.4,1511.3
2008,Uttar Pradesh,Gorakhpur,2.2,3.6,0.0,10.0,53.4,485.2,573.0,395.8,168.5,25.0,0.0,0.0,1716.7
2009,Uttar Pradesh,Gorakhpur,0.6,0.0,1.1,0.0,58.4,44.8,427.4,247.0,109.3,79.2,0.0,0.0,967.8
2010,Uttar Pradesh,Gorakhpur,0.3,16.2,11.8,0.3,24.4,140.7,308.4,251.2,181.8,19.9,2.5,0.0,957.5
2011,Uttar Pradesh,Gorakhpur,0.0,17.6,10.0,0.0,38.2,196.3,405.2,371.6,244.0,50.9,0.0,0.7,1334.5
2012,Uttar Pradesh,Gorakhpur,13.3,10.6,15.6,7.4,2.8,40.4,340.4,284.3,377.9,3.6,0.0,0.0,1096.3
2013,Uttar Pradesh,Gorakhpur,16.4,48.5,0.0,34.5,3.6,636.8,190.4,269.8,112.2,158.8,0.0,0.0,1471.0
2014,Uttar Pradesh,Gorakhpur,21.8,21.5,16.2,0.0,44.9,115.3,198.1,204.3,141.6,125.3,0.0,9.3,898.3
2015,Uttar Pradesh,Gorakhpur,28.2,8.9,48.8,29.8,29.9,129.5,134.5,273.2,26.7,7.9,0.0,0.0,717.4
2004,Uttar Pradesh,Deoria,33.6,0.0,0.0,16.5,92.1,202.4,333.0,103.5,33.5,23.5,0.0,0.0,838.1
2005,Uttar Pradesh,Deoria,4.0,22.0,16.0,0.0,16.0,39.0,286.0,272.0,17.0,33.0,0.0,0.0,705.0
2006,Uttar Pradesh,Deoria,0.0,0.0,0.0,12.0,11.0,47.0,126.0,23.0,157.0,0.0,0.0,0.0,376.0
2007,Uttar Pradesh,Deoria,0.0,3.0,14.0,0.0,45.0,43.5,468.0,208.2,278.0,47.0,0.0,0.0,1106.7
2008,Uttar Pradesh,Deoria,287.1,443.9,295.0,68.5,40.5,0.0,0.0,0.0,0.0,0.0,0.0,0.0,1135.0
2009,Uttar Pradesh,Deoria,24.5,78.5,186.0,86.8,13.0,0.0,0.0,0.0,0.0,0.0,0.0,0.0,388.8
2010,Uttar Pradesh,Deoria,0.3,8.1,5.1,1.3,20.6,108.1,254.7,205.8,176.9,20.0,0.0,0.0,800.9
2011,Uttar Pradesh,Deoria,0.0,7.4,3.3,2.1,20.4,144.0,310.4,262.8,200.6,19.9,2.5,0.0,973.4
2012,Uttar Pradesh,Deoria,25.5,2.0,12.2,11.2,0.5,18.5,257.0,126.3,306.7,0.0,0.0,0.0,759.9
2013,Uttar Pradesh,Deoria,4.5,17.0,0.0,15.5,0.0,188.5,111.5,207.0,74.0,229.3,0.0,0.0,847.3
2014,Uttar Pradesh,Deoria,22.3,35.5,4.2,0.0,17.8,79.8,143.5,180.4,28.0,100.3,0.0,1.3,613.1
2015,Uttar Pradesh,Deoria,10.5,1.0,39.5,38.0,17.0,38.0,159.3,185.0,5.0,21.5,0.0,0.0,514.8
2004,Uttar Pradesh,Basti,0.0,0.0,0.0,0.0,67.4,420.6,283.3,64.0,4.8,0.0,0.0,0.0,840.1
2005,Uttar Pradesh,Basti,142.2,328.4,620.8,0.0,0.0,142.0,286.0,620.0,149.0,0.0,0.0,0.0,2288.4
2006,Uttar Pradesh,Basti,0.0,0.0,0.0,0.0,0.0,506.0,198.0,178.0,136.0,0.0,0.0,0.0,1018.0
2007,Uttar Pradesh,Basti,0.0,0.0,0.0,232.8,4.0,0.0,0.0,0.0,0.0,0.0,0.0,0.0,236.8
2008,Uttar Pradesh,Basti,0.0,0.0,24.0,403.0,437.7,290.9,65.7,34.1,0.0,0.0,0.0,0.0,1255.4
2009,Uttar Pradesh,Basti,36.6,145.2,337.5,108.7,99.0,0.0,0.0,0.0,0.0,0.0,0.0,0.0,727.0
2010,Uttar Pradesh,Basti,0.0,5.7,3.6,2.8,42.0,75.9,165.5,147.3,127.2,45.4,0.0,0.0,615.4
2011,Uttar Pradesh,Basti,0.0,6.8,2.0,2.8,16.7,64.5,205.2,174.9,116.0,37.6,0.0,0.1,626.6
2012,Uttar Pradesh,Basti,29.4,25.7,16.9,3.7,0.5,31.3,407.6,238.6,249.1,5.7,0.0,0.0,1008.5
2013,Uttar Pradesh,Basti,0.6,27.8,0.0,16.2,1.6,625.8,175.0,306.8,90.4,129.4,0.0,0.0,1373.6
2014,Uttar Pradesh,Basti,46.8,10.9,4.5,0.0,14.1,77.5,359.5,117.9,160.9,130.4,0.0,6.0,928.5
2015,Uttar Pradesh,Basti,16.6,2.5,10.0,11.1,27.6,164.3,161.1,281.1,3.7,7.9,0.0,0.0,685.9
2004,Uttar Pradesh,Azamgarh,30.2,0.0,0.0,0.0,38.4,226.2,222.5,270.8,8.0,7.0,0.0,0.0,803.1
2005,Uttar Pradesh,Azamgarh,3.2,0.0,10.2,0.0,13.0,42.0,311.0,420.0,25.0,28.0,0.0,18.0,870.4
2006,Uttar Pradesh,Azamgarh,0.0,0.0,10.0,19.0,59.0,0.0,192.0,185.0,198.0,0.0,0.0,0.0,663.0
2007,Uttar Pradesh,Azamgarh,0.0,47.0,101.0,0.0,70.4,190.8,466.8,342.9,351.1,18.6,0.0,0.0,1588.6
2008,Uttar Pradesh,Azamgarh,271.2,281.5,311.5,68.5,0.0,0.0,0.0,0.0,0.0,0.0,0.0,0.0,932.7
2009,Uttar Pradesh,Azamgarh,30.1,18.0,212.0,274.6,188.9,14.8,0.0,0.0,0.0,0.0,0.0,0.0,738.4
2010,Uttar Pradesh,Azamgarh,0.0,2.9,1.3,0.0,4.0,61.9,196.2,161.0,117.8,8.1,0.1,0.0,553.3
2011,Uttar Pradesh,Azamgarh,0.0,2.9,1.0,0.0,1.6,60.0,164.5,147.6,85.0,8.3,0.0,0.0,470.9
2012,Uttar Pradesh,Azamgarh,15.0,0.0,3.0,6.0,0.0,67.8,209.4,205.1,151.5,0.0,0.0,0.0,657.8
2013,Uttar Pradesh,Azamgarh,0.0,48.4,0.5,9.0,0.0,172.5,127.1,300.9,52.3,151.7,0.0,0.0,862.4
2014,Uttar Pradesh,Azamgarh,53.3,15.3,11.7,0.0,3.5,31.1,166.9,103.0,80.2,95.7,0.0,1.0,561.7
2015,Uttar Pradesh,Azamgarh,16.0,2.3,53.3,74.3,1.0,114.6,215.2,284.0,17.9,3.9,0.0,18.1,800.6
2004,Uttar Pradesh,Lucknow,51.3,0.0,0.0,10.0,20.9,194.2,147.3,108.1,189.4,34.9,0.0,0.2,756.3
2005,Uttar Pradesh,Lucknow,9.9,5.1,8.6,3.0,12.0,85.0,263.0,80.0,163.0,4.0,0.0,1.0,634.6
2006,Uttar Pradesh,Lucknow,0.0,0.0,14.0,31.0,55.0,247.0,382.0,149.0,33.0,30.0,7.0,4.0,952.0
2007,Uttar Pradesh,Lucknow,1.0,68.0,22.0,1.3,61.9,91.6,246.7,197.1,118.0,2.6,0.0,0.8,811.0
2008,Uttar Pradesh,Lucknow,0.1,2.2,0.0,18.7,66.1,215.2,444.3,377.5,330.6,4.7,0.0,0.0,1459.4
2009,Uttar Pradesh,Lucknow,0.0,5.8,10.5,1.6,10.6,36.5,166.1,256.5,229.9,105.8,0.0,0.0,823.3
2010,Uttar Pradesh,Lucknow,2.5,1.7,0.0,3.1,16.9,76.4,59.3,92.5,111.4,18.5,0.2,0.5,383.0
2011,Uttar Pradesh,Lucknow,0.1,15.0,2.7,1.7,11.2,61.2,233.1,181.7,119.9,18.2,3.3,0.6,648.7
2012,Uttar Pradesh,Lucknow,39.7,14.4,0.2,4.9,0.0,1.2,288.0,210.1,194.9,0.0,0.0,0.0,753.4
2013,Uttar Pradesh,Lucknow,3.8,59.0,0.3,0.0,0.0,252.3,196.6,193.5,40.3,42.2,0.0,1.9,789.9
2014,Uttar Pradesh,Lucknow,45.2,34.1,7.3,0.0,2.1,18.3,293.9,72.9,120.9,60.6,0.0,5.1,660.4
2015,Uttar Pradesh,Lucknow,21.2,12.5,64.4,23.1,1.4,57.7,155.5,111.3,12.1,0.8,1.3,7.4,468.7
2004,Uttar Pradesh,Unnao,46.6,0.0,9.2,7.9,101.8,226.4,129.3,165.2,41.5,0.6,0.0,0.0,728.5
2005,Uttar Pradesh,Unnao,18.1,4.0,5.6,0.0,11.0,76.0,246.0,100.0,103.0,4.0,0.0,1.0,568.7
2006,Uttar Pradesh,Unnao,0.0,0.0,10.0,11.0,9.0,49.0,237.0,87.0,29.0,64.0,0.0,1.0,497.0
2007,Uttar Pradesh,Unnao,0.0,33.0,22.0,1.6,12.9,73.3,259.4,197.3,54.3,0.7,0.0,0.0,654.5
2008,Uttar Pradesh,Unnao,435.1,270.1,103.7,0.4,0.0,0.0,0.0,0.0,0.0,0.0,0.0,0.0,809.3
2009,Uttar Pradesh,Unnao,0.0,96.2,196.8,267.8,84.9,0.0,0.0,0.0,0.0,0.0,0.0,0.0,645.7
2010,Uttar Pradesh,Unnao,3.6,0.2,0.6,13.3,88.3,211.9,92.5,157.9,107.3,20.9,3.3,0.6,700.2
2011,Uttar Pradesh,Unnao,0.0,13.3,4.2,0.1,18.2,71.3,212.1,185.2,120.1,13.6,0.8,1.1,640.0
2012,Uttar Pradesh,Unnao,43.3,14.0,3.3,3.0,0.0,4.0,307.1,194.9,214.6,0.0,0.0,0.0,784.2
2013,Uttar Pradesh,Unnao,14.0,119.3,0.9,0.0,0.0,291.1,191.7,193.3,28.0,100.7,1.3,0.8,941.1
2014,Uttar Pradesh,Unnao,67.2,22.8,17.0,0.0,1.8,27.3,168.1,86.4,151.9,67.5,0.0,6.0,616.0
2015,Uttar Pradesh,Unnao,19.3,3.0,77.8,16.3,12.0,36.3,194.5,79.4,32.8,1.3,2.5,21.0,496.2
2004,Uttar Pradesh,Rae-Bareily,40.0,0.0,0.0,25.0,5.0,243.1,153.3,154.9,189.2,17.3,0.0,0.0,827.8
2005,Uttar Pradesh,Rae-Bareily,8.8,1.1,9.7,0.0,10.0,38.0,304.0,127.0,174.0,0.0,0.0,0.0,672.6
2006,Uttar Pradesh,Rae-Bareily,0.0,0.0,0.0,5.0,8.0,46.0,382.0,157.0,22.0,0.0,0.0,0.0,620.0
2007,Uttar Pradesh,Rae-Bareily,0.0,2.0,12.0,0.0,18.0,38.3,226.9,215.8,135.5,12.0,0.0,0.0,660.5
2008,Uttar Pradesh,Rae-Bareily,0.0,0.0,3.1,11.0,120.3,230.3,185.8,92.3,0.0,0.0,0.0,0.0,642.8
2009,Uttar Pradesh,Rae-Bareily,0.0,1.0,0.0,0.0,1.0,0.0,128.8,100.4,68.6,20.7,0.0,0.0,320.5
2010,Uttar Pradesh,Rae-Bareily,8.2,4.1,1.7,16.9,45.9,221.0,163.6,59.3,34.4,3.4,0.4,0.4,559.4
2011,Uttar Pradesh,Rae-Bareily,0.5,5.0,0.2,0.2,13.3,58.5,210.7,132.6,141.2,18.6,0.2,0.5,581.5
2012,Uttar Pradesh,Rae-Bareily,23.4,6.8,1.5,0.3,0.0,9.4,237.9,171.6,132.8,0.0,0.0,0.0,583.7
2013,Uttar Pradesh,Rae-Bareily,0.0,51.3,2.3,0.9,0.0,380.1,253.0,133.3,34.5,63.3,0.1,1.1,919.9
2014,Uttar Pradesh,Rae-Bareily,27.9,10.1,6.2,0.4,2.0,24.7,276.8,55.1,76.3,42.7,0.0,7.8,530.0
2015,Uttar Pradesh,Rae-Bareily,18.3,2.8,45.5,12.5,5.3,34.2,111.9,69.9,15.9,2.8,0.0,9.2,328.3
2004,Uttar Pradesh,Sitapur,27.9,3.0,0.0,12.0,78.1,177.3,231.0,149.1,320.7,111.3,0.0,0.0,1110.4
2005,Uttar Pradesh,Sitapur,25.8,36.2,16.5,3.0,21.0,110.0,296.0,96.0,162.0,7.0,0.0,0.0,773.5
2006,Uttar Pradesh,Sitapur,0.0,0.0,9.0,6.0,121.0,214.0,450.0,121.0,28.0,0.0,0.0,5.0,954.0
2007,Uttar Pradesh,Sitapur,0.0,73.0,39.0,1.0,70.7,201.0,268.4,185.8,142.1,5.1,0.0,1.0,987.1
2008,Uttar Pradesh,Sitapur,0.0,16.3,246.7,554.8,469.2,284.0,10.6,0.0,0.0,0.0,0.0,0.0,1581.6
2009,Uttar Pradesh,Sitapur,0.0,3.0,1.3,82.3,171.0,269.2,221.2,201.5,0.0,0.0,0.0,0.0,949.5
2010,Uttar Pradesh,Sitapur,11.3,4.5,1.6,21.4,74.0,209.2,153.6,263.7,149.4,43.2,0.5,0.5,932.9
2011,Uttar Pradesh,Sitapur,2.4,21.1,8.0,3.2,36.9,95.2,256.4,250.4,158.9,49.4,0.8,1.8,884.5
2012,Uttar Pradesh,Sitapur,57.7,30.3,1.3,0.0,0.0,1.4,385.1,281.5,201.0,0.0,0.0,0.8,959.1
2013,Uttar Pradesh,Sitapur,6.3,52.8,0.0,0.0,0.0,276.5,286.9,319.0,60.2,23.4,0.2,2.4,1027.7
2014,Uttar Pradesh,Sitapur,59.7,32.1,19.2,4.2,1.3,51.8,281.2,89.5,95.3,66.8,0.0,16.8,717.9
2015,Uttar Pradesh,Sitapur,18.6,2.9,50.7,30.5,0.8,81.4,222.4,167.8,26.2,0.7,0.0,0.0,602.0
2004,Uttar Pradesh,Hardoi,34.1,0.0,0.0,11.0,33.5,168.7,305.9,166.0,174.3,60.3,0.0,0.0,953.8
2005,Uttar Pradesh,Hardoi,6.3,11.4,8.8,0.0,0.0,66.0,321.0,47.0,247.0,0.0,0.0,0.0,707.5
2006,Uttar Pradesh,Hardoi,0.0,0.0,12.0,0.0,3.0,35.0,113.0,5.0,52.0,0.0,0.0,0.0,220.0
2007,Uttar Pradesh,Hardoi,0.0,0.0,15.0,0.0,0.0,84.0,69.0,149.1,22.0,0.5,3.9,0.0,343.5
2008,Uttar Pradesh,Hardoi,0.0,0.0,42.1,211.6,196.6,278.3,66.5,0.0,0.0,0.0,0.0,0.0,795.1
2009,Uttar Pradesh,Hardoi,0.0,2.0,3.0,0.0,37.0,43.3,75.1,252.8,168.3,53.9,0.0,0.0,635.4
2010,Uttar Pradesh,Hardoi,15.0,4.4,1.8,10.9,47.8,189.9,157.9,153.6,108.1,16.4,0.8,1.4,708.0
2011,Uttar Pradesh,Hardoi,0.0,19.8,9.2,0.1,30.0,117.6,278.5,291.5,176.9,39.9,0.5,0.1,964.1
2012,Uttar Pradesh,Hardoi,29.6,2.8,0.0,5.6,0.0,2.6,254.1,258.8,264.8,0.0,0.0,0.4,818.7
2013,Uttar Pradesh,Hardoi,5.2,37.7,1.1,1.0,1.8,178.2,251.7,194.1,61.6,33.7,2.1,2.9,771.1
2014,Uttar Pradesh,Hardoi,42.2,27.3,12.7,12.2,4.8,6.8,113.5,32.4,85.4,35.6,0.0,13.2,386.1
2015,Uttar Pradesh,Hardoi,19.4,0.7,66.9,17.5,5.1,35.9,268.5,187.5,32.5,12.9,0.0,1.9,648.8
2004,Uttar Pradesh,Kheri,38.5,0.0,0.0,21.8,52.6,174.2,299.3,136.5,436.5,49.2,0.0,0.0,1208.6
2005,Uttar Pradesh,Kheri,7.1,1.6,2.4,0.0,34.0,43.0,354.0,212.0,170.0,4.0,0.0,3.0,831.1
2006,Uttar Pradesh,Kheri,0.0,0.0,18.0,3.0,31.0,136.0,385.0,173.0,52.0,0.0,0.0,2.0,800.0
2007,Uttar Pradesh,Kheri,0.0,39.0,15.0,0.5,9.4,113.2,391.6,282.6,163.6,1.0,0.0,0.0,1015.9
2008,Uttar Pradesh,Kheri,51.2,147.6,468.6,371.3,449.2,33.1,0.0,0.0,0.0,0.0,0.0,0.0,1521.0
2009,Uttar Pradesh,Kheri,0.0,0.0,0.0,0.0,120.8,184.0,356.2,233.8,267.9,0.0,0.0,0.0,1162.7
2010,Uttar Pradesh,Kheri,19.8,9.2,0.1,18.6,138.7,302.7,263.7,209.8,153.2,52.2,0.8,4.3,1173.2
2011,Uttar Pradesh,Kheri,0.0,0.0,0.0,0.0,0.0,0.0,0.0,0.0,0.0,0.0,0.0,0.0,-1.0
2012,Uttar Pradesh,Kheri,17.5,5.3,12.2,3.0,0.0,93.6,375.4,357.7,274.0,0.0,0.0,2.1,1140.8
2013,Uttar Pradesh,Kheri,37.0,73.1,8.2,8.5,0.0,425.5,257.8,307.7,94.5,39.2,4.8,4.5,1260.8
2014,Uttar Pradesh,Kheri,56.9,9.5,8.9,3.9,7.2,93.3,358.1,164.9,178.4,78.2,0.0,18.6,977.9
2015,Uttar Pradesh,Kheri,29.6,5.4,80.1,35.3,6.5,232.0,265.1,226.1,37.1,3.5,0.0,0.0,920.7
2004,Uttar Pradesh,Faizabad,18.2,0.0,0.0,8.6,33.5,178.8,322.0,209.7,192.0,6.5,0.0,0.0,969.3
2005,Uttar Pradesh,Faizabad,10.0,16.0,0.0,0.0,16.0,35.0,622.0,393.0,197.0,0.0,0.0,0.0,1289.0
2006,Uttar Pradesh,Faizabad,0.0,0.0,0.0,0.0,51.0,177.0,216.0,131.0,35.0,0.0,0.0,0.0,610.0
2007,Uttar Pradesh,Faizabad,0.0,3.0,31.0,0.0,27.0,59.4,467.8,225.8,92.7,0.0,0.0,0.0,906.7
2008,Uttar Pradesh,Faizabad,0.0,344.8,507.0,260.0,120.5,35.0,0.0,0.0,0.0,0.0,0.0,0.0,1267.3
2009,Uttar Pradesh,Faizabad,0.0,0.0,14.5,54.5,153.8,333.3,185.2,144.3,0.0,0.0,0.0,0.0,885.6
2010,Uttar Pradesh,Faizabad,0.8,3.5,1.2,0.4,23.0,59.2,169.3,129.6,70.1,38.1,0.1,0.0,495.3
2011,Uttar Pradesh,Faizabad,0.4,10.5,2.5,9.6,21.9,73.9,196.0,175.9,135.3,33.0,0.0,0.3,659.3
2012,Uttar Pradesh,Faizabad,40.0,15.9,4.1,0.0,0.0,20.5,471.5,232.5,177.2,0.0,0.0,0.0,961.7
2013,Uttar Pradesh,Faizabad,0.6,38.1,0.3,0.0,0.0,552.0,94.4,156.0,74.3,42.3,0.0,0.2,958.2
2014,Uttar Pradesh,Faizabad,33.8,11.3,8.3,0.5,7.7,16.2,173.6,88.1,97.3,101.8,0.0,6.8,545.4
2015,Uttar Pradesh,Faizabad,22.2,2.2,25.8,29.5,5.5,84.7,148.7,220.4,4.0,0.6,0.0,0.0,543.6
2004,Uttar Pradesh,Gonda,58.2,0.0,0.0,10.4,54.0,205.0,331.7,110.4,67.4,31.0,0.0,0.0,868.1
2005,Uttar Pradesh,Gonda,5.2,10.0,7.2,0.0,0.0,80.0,349.0,512.0,198.0,6.0,0.0,0.0,1167.4
2006,Uttar Pradesh,Gonda,0.0,0.0,10.0,0.0,0.0,170.0,271.0,98.0,13.0,0.0,0.0,7.0,569.0
2007,Uttar Pradesh,Gonda,0.0,0.0,3.0,13.0,44.0,35.4,396.5,334.5,249.7,0.0,0.0,0.0,1076.1
2008,Uttar Pradesh,Gonda,143.6,500.8,238.3,198.7,17.0,0.0,0.0,0.0,0.0,0.0,0.0,0.0,1098.4
2009,Uttar Pradesh,Gonda,78.8,217.1,321.4,111.0,234.7,0.0,0.0,0.0,0.0,0.0,0.0,0.0,963.0
2010,Uttar Pradesh,Gonda,0.0,10.0,2.1,8.0,28.4,101.3,229.9,188.3,119.1,37.6,0.0,0.4,725.1
2011,Uttar Pradesh,Gonda,0.0,9.5,2.1,8.0,4.7,109.0,315.0,157.6,76.7,17.6,0.0,0.0,700.2
2012,Uttar Pradesh,Gonda,55.5,22.8,11.3,0.5,0.0,24.7,408.9,239.3,175.0,0.0,0.0,0.0,938.0
2013,Uttar Pradesh,Gonda,7.3,87.7,0.0,13.1,0.0,470.8,276.8,209.4,97.5,125.3,0.0,0.0,1287.9
2014,Uttar Pradesh,Gonda,65.0,39.8,0.0,0.0,0.0,64.1,207.5,167.1,111.9,82.0,0.0,4.9,742.3
2015,Uttar Pradesh,Gonda,21.1,4.5,24.6,5.0,20.4,123.1,151.9,231.2,8.7,4.8,0.0,1.0,596.3
2004,Uttar Pradesh,Bahraich,49.2,0.0,0.0,12.4,78.6,237.0,396.8,132.2,220.6,72.3,0.0,0.0,1199.1
2005,Uttar Pradesh,Bahraich,24.5,27.9,2.0,2.0,30.0,125.0,489.0,372.0,209.0,55.0,0.0,0.0,1336.4
2006,Uttar Pradesh,Bahraich,0.0,0.0,24.0,3.0,75.0,192.0,401.0,271.0,26.0,24.0,2.0,12.0,1030.0
2007,Uttar Pradesh,Bahraich,0.0,69.0,26.0,10.5,165.8,70.6,477.6,340.8,290.8,24.3,0.0,0.1,1475.5
2008,Uttar Pradesh,Bahraich,5.8,5.6,0.0,21.0,23.5,209.2,369.9,268.8,331.6,34.1,0.0,0.0,1269.5
2009,Uttar Pradesh,Bahraich,1.4,0.2,0.2,144.9,100.3,235.1,349.1,170.2,214.2,0.0,0.0,0.0,1215.6
2010,Uttar Pradesh,Bahraich,0.0,5.7,3.8,1.2,24.4,79.7,232.4,199.8,151.5,43.2,0.0,0.0,741.7
2011,Uttar Pradesh,Bahraich,0.1,6.8,3.4,0.1,13.0,70.8,184.3,154.1,102.9,20.5,0.2,1.1,557.3
2012,Uttar Pradesh,Bahraich,39.1,29.8,6.7,2.0,0.0,41.7,289.5,303.2,237.8,0.1,0.0,0.1,950.0
2013,Uttar Pradesh,Bahraich,13.3,75.7,9.2,27.4,12.9,345.8,304.4,279.4,159.9,32.8,0.0,1.0,1261.8
2014,Uttar Pradesh,Bahraich,19.2,38.0,0.8,0.2,0.2,59.2,567.1,222.0,236.8,53.3,0.0,13.5,1210.3
2015,Uttar Pradesh,Bahraich,48.9,9.4,42.1,22.1,22.9,174.0,220.3,328.3,17.7,46.0,0.0,0.1,931.8
2004,Uttar Pradesh,Sultanpur,26.6,0.0,0.0,19.6,6.7,164.5,212.9,158.7,113.1,16.7,0.0,0.0,718.8
2005,Uttar Pradesh,Sultanpur,18.0,25.1,8.7,1.0,13.0,57.0,474.0,136.0,152.0,2.0,0.0,0.0,886.8
2006,Uttar Pradesh,Sultanpur,0.0,0.0,15.0,22.0,45.0,105.0,428.0,149.0,15.0,4.0,0.0,0.0,783.0
2007,Uttar Pradesh,Sultanpur,0.0,41.0,25.0,0.2,53.1,201.0,259.9,97.7,111.5,23.3,0.0,4.7,817.4
2008,Uttar Pradesh,Sultanpur,2.4,1.6,0.0,2.6,62.9,167.8,435.5,411.4,80.1,1.2,0.4,0.0,1165.9
2009,Uttar Pradesh,Sultanpur,0.0,4.0,3.3,1.3,25.2,16.5,243.2,149.1,150.0,103.9,0.0,0.0,696.5
2010,Uttar Pradesh,Sultanpur,0.1,6.2,3.8,1.2,17.8,60.1,217.3,134.1,71.1,21.4,0.2,1.1,534.4
2011,Uttar Pradesh,Sultanpur,0.0,3.6,2.5,0.0,27.7,67.2,158.3,158.2,104.7,3.3,0.0,0.8,526.3
2012,Uttar Pradesh,Sultanpur,33.9,17.2,3.8,1.9,0.0,0.4,311.0,287.8,155.3,0.0,0.0,0.0,811.3
2013,Uttar Pradesh,Sultanpur,0.0,47.1,1.9,0.7,0.0,424.8,258.8,203.5,136.2,56.3,0.0,2.7,1132.0
2014,Uttar Pradesh,Sultanpur,63.1,22.1,16.0,0.8,6.4,48.5,197.2,98.1,66.4,71.8,0.0,1.5,591.9
2015,Uttar Pradesh,Sultanpur,28.7,5.6,38.8,15.4,0.0,39.7,230.9,119.3,9.8,1.2,1.3,5.3,496.0
2004,Uttar Pradesh,Pratapgarh,7.0,0.0,0.0,6.0,0.0,177.2,84.5,97.0,65.2,6.2,0.0,0.0,443.1
2005,Uttar Pradesh,Pratapgarh,0.0,20.0,24.1,0.0,3.0,11.0,196.0,82.0,132.0,4.0,0.0,0.0,472.1
2006,Uttar Pradesh,Pratapgarh,0.0,0.0,11.0,0.0,22.0,120.0,86.0,95.0,32.0,0.0,2.0,0.0,368.0
2007,Uttar Pradesh,Pratapgarh,0.0,36.0,28.0,0.0,3.0,73.4,228.6,136.1,125.9,8.7,0.0,0.0,639.7
2008,Uttar Pradesh,Pratapgarh,0.0,25.1,197.9,436.5,210.7,66.3,15.7,0.0,0.0,0.0,0.0,0.0,952.2
2009,Uttar Pradesh,Pratapgarh,0.8,0.0,0.0,0.0,26.0,0.0,319.6,89.3,111.3,82.7,0.0,0.0,629.7
2010,Uttar Pradesh,Pratapgarh,4.9,9.0,6.4,1.0,14.6,42.4,234.2,119.4,74.4,18.9,1.6,0.6,527.4
2011,Uttar Pradesh,Pratapgarh,2.2,11.5,4.8,1.2,4.9,101.2,197.5,214.4,94.5,14.1,2.3,1.9,650.5
2012,Uttar Pradesh,Pratapgarh,32.3,2.0,0.0,1.0,0.0,23.0,305.6,166.6,218.7,0.8,0.0,0.0,750.0
2013,Uttar Pradesh,Pratapgarh,2.0,93.7,4.7,1.0,0.0,433.2,241.0,293.9,94.2,102.9,0.0,2.7,1269.3
2014,Uttar Pradesh,Pratapgarh,69.3,20.8,41.8,6.0,15.3,44.3,249.7,134.3,66.0,134.7,0.0,2.0,784.2
2015,Uttar Pradesh,Pratapgarh,63.3,5.7,70.4,11.0,0.0,58.3,217.7,159.7,52.3,0.0,0.0,16.0,654.4
2004,Uttar Pradesh,Barabanki,50.0,0.0,0.0,13.0,62.4,234.8,300.2,107.0,112.7,41.9,0.0,0.0,922.0
2005,Uttar Pradesh,Barabanki,16.8,14.0,14.8,0.0,28.0,71.0,470.0,223.0,203.0,1.0,0.0,0.0,1041.6
2006,Uttar Pradesh,Barabanki,0.0,0.0,0.0,5.0,18.0,196.0,301.0,114.0,41.0,0.0,0.0,0.0,675.0
2007,Uttar Pradesh,Barabanki,0.0,0.0,26.0,0.0,0.0,60.6,180.2,168.9,76.8,0.0,0.0,0.0,512.5
2008,Uttar Pradesh,Barabanki,0.0,0.0,13.5,11.0,209.9,372.6,426.5,316.1,29.1,0.0,0.0,0.0,1378.7
2009,Uttar Pradesh,Barabanki,52.3,303.5,181.9,214.8,245.9,0.0,0.0,0.0,0.0,0.0,0.0,0.0,998.4
2010,Uttar Pradesh,Barabanki,0.4,10.4,2.8,1.1,24.2,38.7,202.3,139.3,113.3,33.7,0.1,0.8,567.1
2011,Uttar Pradesh,Barabanki,1.8,21.8,5.0,1.3,11.3,109.9,224.6,198.9,152.4,16.6,4.5,1.1,749.2
2012,Uttar Pradesh,Barabanki,67.9,29.7,10.8,0.0,0.3,7.5,385.2,255.5,245.7,0.0,0.0,0.0,1002.6
2013,Uttar Pradesh,Barabanki,9.5,95.9,0.1,5.7,0.0,234.1,251.8,198.7,62.2,34.3,0.0,0.0,892.3
2014,Uttar Pradesh,Barabanki,36.6,34.0,25.2,2.0,8.3,34.0,364.3,74.1,106.1,67.3,0.0,8.1,760.0
2015,Uttar Pradesh,Barabanki,24.8,6.3,44.8,17.4,3.2,94.5,155.6,176.5,21.7,1.3,0.0,4.0,550.1
2005,Uttarakhand,Nainital,-1.0,-1.0,-1.0,0.0,0.0,86.0,353.0,190.0,282.0,0.0,0.0,0.0,911.0
2006,Uttarakhand,Nainital,0.0,0.0,2.0,1.0,8.0,93.0,247.0,311.0,115.0,0.0,0.0,0.0,777.0
2007,Uttarakhand,Nainital,0.0,152.7,121.6,33.7,71.7,198.4,262.8,420.5,259.1,11.7,0.0,2.2,1534.4
2008,Uttarakhand,Nainital,10.2,4.5,0.9,22.3,38.5,333.6,495.9,527.0,353.1,11.5,4.7,0.0,1802.2
2009,Uttarakhand,Nainital,0.6,14.3,3.2,22.2,51.4,62.6,226.2,493.7,301.0,194.1,24.7,2.8,1396.8
2010,Uttarakhand,Nainital,7.2,49.8,0.2,5.5,57.7,120.3,819.0,703.4,702.5,3.1,8.9,19.7,2497.3
2011,Uttarakhand,Nainital,34.7,61.1,19.0,45.6,64.1,334.2,551.6,656.1,250.9,1.9,0.3,1.7,2021.2
2012,Uttarakhand,Nainital,41.2,4.0,50.7,40.8,2.1,62.9,596.9,472.1,310.9,2.3,5.0,16.3,1605.2
2013,Uttarakhand,Nainital,64.6,206.6,17.8,31.9,15.2,741.0,482.1,411.7,136.0,15.8,1.7,9.5,2133.9
2014,Uttarakhand,Nainital,86.2,73.3,51.8,15.5,39.4,84.0,799.5,366.8,167.7,65.6,0.0,83.5,1833.3
2015,Uttarakhand,Nainital,68.4,39.9,180.3,98.4,42.4,313.4,497.1,388.3,70.0,31.7,5.8,2.2,1737.9
2005,Uttarakhand,Almorah,-1.0,-1.0,-1.0,28.0,34.0,29.0,397.0,59.0,265.0,0.0,0.0,0.0,812.0
2006,Uttarakhand,Almorah,9.0,0.0,60.0,0.0,89.0,47.0,206.0,245.0,69.0,3.0,0.0,15.0,743.0
2007,Uttarakhand,Almorah,4.2,135.8,117.9,30.5,90.2,192.4,171.2,280.9,245.4,4.0,0.0,0.0,1272.5
2008,Uttarakhand,Almorah,0.0,0.0,0.0,0.0,0.0,10.2,251.0,247.7,144.6,0.0,10.0,7.0,670.5
2009,Uttarakhand,Almorah,3.0,0.0,0.0,40.0,52.0,13.3,142.2,149.7,166.9,16.0,10.9,0.0,594.0
2010,Uttarakhand,Almorah,12.0,68.2,0.0,7.3,44.3,72.6,368.7,348.2,480.8,12.3,0.0,14.5,1428.9
2011,Uttarakhand,Almorah,25.6,67.3,14.8,25.1,37.0,190.8,235.5,399.7,164.4,1.6,0.0,2.7,1164.5
2012,Uttarakhand,Almorah,36.5,2.0,25.2,18.4,3.9,18.9,287.6,235.0,162.9,7.0,4.6,24.6,826.6
2013,Uttarakhand,Almorah,50.6,166.0,13.9,11.9,5.5,310.5,258.1,244.6,55.4,28.2,9.6,9.3,1163.6
2014,Uttarakhand,Almorah,68.5,85.6,49.7,29.3,42.1,52.3,421.9,91.2,67.3,37.9,0.0,56.9,1002.7
2015,Uttarakhand,Almorah,39.5,32.1,129.4,55.3,11.5,129.2,290.3,177.1,33.4,14.0,1.1,3.6,916.5
2005,Uttarakhand,Pithorgarh,-1.0,-1.0,-1.0,6.0,10.0,7.0,552.0,240.0,276.0,17.0,0.0,0.0,1108.0
2006,Uttarakhand,Pithorgarh,0.0,5.0,11.0,12.0,42.0,68.0,276.0,311.0,128.0,128.0,0.0,0.0,981.0
2007,Uttarakhand,Pithorgarh,11.9,0.0,0.0,0.0,0.0,0.0,0.0,0.0,0.0,0.0,0.0,0.0,11.9
2008,Uttarakhand,Pithorgarh,0.0,0.0,0.0,0.0,0.0,26.0,377.4,242.9,136.9,6.8,5.2,0.0,795.2
2009,Uttarakhand,Pithorgarh,2.5,0.0,0.0,0.0,2.5,34.3,445.1,555.7,282.6,144.0,13.8,1.7,1482.2
2010,Uttarakhand,Pithorgarh,5.9,64.9,3.4,16.5,70.6,72.1,514.0,416.0,485.0,12.3,1.8,16.0,1678.5
2011,Uttarakhand,Pithorgarh,35.7,71.9,38.9,27.5,125.6,257.3,507.9,478.2,193.9,15.0,13.1,0.5,1765.5
2012,Uttarakhand,Pithorgarh,82.0,10.1,25.8,96.3,42.2,101.4,441.0,347.3,313.0,14.6,6.7,13.8,1494.2
2013,Uttarakhand,Pithorgarh,87.4,159.4,18.9,66.6,51.3,400.5,536.4,343.9,143.3,32.0,5.5,7.5,1852.7
2014,Uttarakhand,Pithorgarh,42.9,96.1,90.6,41.9,63.8,128.7,468.7,275.1,142.9,49.0,0.0,54.0,1453.7
2015,Uttarakhand,Pithorgarh,76.6,91.1,145.1,75.1,69.4,232.1,266.4,265.9,63.2,23.2,0.8,8.9,1317.8
2005,Uttarakhand,Chamoli,-1.0,-1.0,-1.0,6.0,4.0,72.0,417.0,168.0,290.0,28.0,6.0,4.0,995.0
2006,Uttarakhand,Chamoli,22.0,8.0,42.0,32.0,85.0,18.0,273.0,344.0,22.0,3.0,4.0,8.0,861.0
2007,Uttarakhand,Chamoli,0.0,31.3,0.0,16.0,62.4,214.4,415.3,154.9,235.0,15.6,0.0,0.0,1144.9
2008,Uttarakhand,Chamoli,0.0,0.0,0.0,4.8,0.0,163.8,354.0,273.2,87.2,31.3,15.3,13.0,942.6
2009,Uttarakhand,Chamoli,0.0,0.0,0.0,0.0,0.0,32.2,232.2,124.5,131.6,35.6,6.6,0.0,562.7
2010,Uttarakhand,Chamoli,0.0,33.5,17.8,27.7,63.9,121.8,438.9,472.1,437.7,5.2,1.5,8.7,1628.8
2011,Uttarakhand,Chamoli,19.9,77.7,19.0,14.4,64.7,170.5,399.2,508.8,210.0,4.6,0.3,0.0,1489.1
2012,Uttarakhand,Chamoli,53.6,18.8,36.6,47.0,9.7,41.1,412.3,427.6,229.2,2.7,4.8,31.4,1314.8
2013,Uttarakhand,Chamoli,64.0,183.0,29.5,25.6,15.2,488.3,555.3,423.3,96.5,28.0,3.3,0.2,1912.2
2014,Uttarakhand,Chamoli,14.7,99.5,82.0,75.0,48.6,44.3,363.2,322.5,83.9,42.7,0.0,55.0,1231.4
2015,Uttarakhand,Chamoli,80.6,100.0,117.0,55.4,24.7,203.2,388.5,293.1,55.1,16.6,0.3,2.1,1336.6
2005,Uttarakhand,Uttar Kashi,-1.0,-1.0,-1.0,21.0,53.0,91.0,571.0,294.0,346.0,125.0,0.0,5.0,1506.0
2006,Uttarakhand,Uttar Kashi,5.0,8.0,94.0,69.0,164.0,37.0,420.0,286.0,54.0,28.0,9.0,33.0,1207.0
2007,Uttarakhand,Uttar Kashi,0.0,0.0,93.4,0.0,0.0,310.8,919.2,791.9,0.0,9.8,0.0,0.0,2125.1
2008,Uttarakhand,Uttar Kashi,0.0,0.0,0.0,0.0,0.0,298.3,455.0,398.2,164.4,17.8,0.0,0.0,1333.7
2009,Uttarakhand,Uttar Kashi,0.0,0.0,0.0,0.0,0.0,197.3,541.2,339.3,230.8,30.6,6.8,1.8,1347.8
2010,Uttarakhand,Uttar Kashi,20.6,77.6,4.4,25.0,61.7,189.9,437.6,629.1,604.2,21.5,9.0,45.1,2125.7
2011,Uttarakhand,Uttar Kashi,35.3,102.0,39.2,108.9,105.7,363.7,493.6,743.2,150.8,3.0,2.4,7.6,2155.4
2012,Uttarakhand,Uttar Kashi,98.4,37.0,51.6,75.4,12.0,45.6,345.7,514.5,133.5,25.5,7.9,20.2,1367.3
2013,Uttarakhand,Uttar Kashi,91.0,242.5,44.4,29.8,26.8,520.2,387.5,455.8,164.9,49.1,2.3,0.4,2014.7
2014,Uttarakhand,Uttar Kashi,30.2,114.9,91.1,59.1,91.8,63.1,468.7,224.6,104.8,42.3,0.0,24.9,1315.5
2015,Uttarakhand,Uttar Kashi,45.1,109.6,116.0,69.8,52.4,96.3,389.3,311.2,64.6,10.2,5.9,24.9,1295.3
2005,Uttarakhand,Tehri Garhwal,-1.0,-1.0,-1.0,0.0,0.0,54.0,452.0,93.0,216.0,2.0,0.0,1.0,818.0
2006,Uttarakhand,Tehri Garhwal,0.0,1.0,54.0,22.0,80.0,94.0,299.0,207.0,51.0,7.0,0.0,35.0,850.0
2007,Uttarakhand,Tehri Garhwal,0.3,151.3,111.7,21.9,45.2,32.8,209.7,246.2,93.5,6.8,0.0,19.0,938.4
2008,Uttarakhand,Tehri Garhwal,23.7,8.0,13.6,68.1,62.6,175.5,278.2,279.1,80.4,10.9,12.0,0.7,1012.8
2009,Uttarakhand,Tehri Garhwal,8.2,39.6,2.0,21.6,36.1,21.8,108.7,40.9,133.7,70.7,0.2,0.0,483.5
2010,Uttarakhand,Tehri Garhwal,13.9,80.5,2.0,14.5,78.4,96.0,400.2,290.2,444.6,16.1,20.5,38.0,1494.9
2011,Uttarakhand,Tehri Garhwal,18.8,83.1,9.1,40.0,69.0,183.9,249.1,381.6,56.4,1.0,0.0,1.3,1093.3
2012,Uttarakhand,Tehri Garhwal,46.6,11.7,30.9,25.4,0.6,12.3,202.3,517.5,86.3,0.9,6.5,25.3,966.3
2013,Uttarakhand,Tehri Garhwal,77.6,219.9,32.1,21.8,15.5,428.4,221.3,208.0,60.7,9.8,3.1,1.2,1299.4
2014,Uttarakhand,Tehri Garhwal,31.7,143.0,64.8,35.0,74.6,26.4,349.4,200.5,93.7,10.2,0.0,15.8,1045.1
2015,Uttarakhand,Tehri Garhwal,54.3,67.0,146.8,35.6,41.9,146.1,223.7,176.2,16.5,5.2,2.3,7.2,922.8
2005,Uttarakhand,Garhwal,-1.0,-1.0,-1.0,0.0,0.0,75.0,444.0,120.0,446.0,1.0,0.0,0.0,1086.0
2006,Uttarakhand,Garhwal,0.0,0.0,33.0,23.0,88.0,129.0,332.0,319.0,139.0,0.0,0.0,0.0,1063.0
2007,Uttarakhand,Garhwal,0.0,231.2,87.4,6.5,24.0,387.0,601.7,1115.5,245.6,22.0,0.0,0.0,2720.9
2008,Uttarakhand,Garhwal,0.0,0.0,0.0,0.0,0.0,0.0,324.6,276.6,47.0,79.0,0.4,0.0,727.6
2009,Uttarakhand,Garhwal,0.0,0.0,0.0,0.0,0.0,44.2,300.7,245.0,101.0,15.1,0.1,12.6,718.7
2010,Uttarakhand,Garhwal,1.2,35.1,0.0,2.2,41.4,92.0,496.3,484.0,382.9,11.5,0.0,24.0,1570.6
2011,Uttarakhand,Garhwal,20.3,69.6,5.9,13.3,111.3,226.3,400.6,488.6,120.4,1.3,0.0,1.5,1459.1
2012,Uttarakhand,Garhwal,19.3,10.2,23.7,14.2,1.5,16.5,401.9,493.7,180.6,6.7,0.0,12.3,1180.6
2013,Uttarakhand,Garhwal,55.0,183.1,8.3,6.3,4.3,250.2,225.5,264.0,69.8,1.3,0.1,1.1,1069.0
2014,Uttarakhand,Garhwal,35.0,67.6,35.4,17.4,17.5,28.0,351.9,257.9,130.7,13.3,0.0,18.4,973.1
2015,Uttarakhand,Garhwal,26.5,20.2,81.1,29.5,31.5,161.9,222.4,355.2,39.1,14.0,0.2,0.0,981.6
2005,Uttarakhand,Dehradun,-1.0,-1.0,-1.0,5.0,0.0,35.0,733.0,650.0,325.0,5.0,0.0,1.0,1754.0
2006,Uttarakhand,Dehradun,10.0,2.0,139.0,15.0,165.0,193.0,494.0,450.0,176.0,0.0,6.0,24.0,1674.0
2007,Uttarakhand,Dehradun,0.4,111.4,96.1,15.6,16.8,79.2,860.0,943.5,801.0,10.6,0.0,5.9,2940.5
2008,Uttarakhand,Dehradun,13.1,21.8,2.6,76.1,51.8,588.9,689.0,736.4,159.9,32.9,10.5,0.0,2383.0
2009,Uttarakhand,Dehradun,5.0,39.5,2.6,18.8,43.6,74.5,437.4,453.9,273.2,168.7,2.0,0.0,1519.2
2010,Uttarakhand,Dehradun,14.5,54.5,2.0,5.0,49.1,129.4,777.4,894.0,799.5,11.7,17.8,26.2,2781.1
2011,Uttarakhand,Dehradun,30.5,73.8,15.9,24.8,97.7,342.5,748.4,802.5,240.8,18.7,0.0,6.7,2402.3
2012,Uttarakhand,Dehradun,44.5,13.4,27.3,44.3,0.8,64.5,557.5,822.8,385.9,18.1,5.4,17.5,2002.0
2013,Uttarakhand,Dehradun,107.1,175.8,13.7,7.1,15.0,846.3,699.6,599.4,190.1,49.6,8.9,5.0,2717.6
2014,Uttarakhand,Dehradun,58.2,152.9,76.5,33.4,27.0,78.1,484.3,583.9,125.5,56.9,0.0,29.0,1705.7
2015,Uttarakhand,Dehradun,27.2,24.0,159.5,57.6,12.6,173.7,495.0,535.4,64.0,18.2,3.0,12.7,1582.9
2003,Assam,Cachar,0.0,2.7,43.6,267.8,289.1,643.1,400.9,250.8,176.8,79.1,24.5,0.0,2178.4
2004,Assam,Cachar,7.4,0.3,26.3,321.7,395.4,400.2,573.9,398.6,396.1,182.0,0.0,7.2,2709.1
2005,Assam,Cachar,0.4,92.7,375.8,162.3,386.6,412.8,568.9,452.3,258.5,153.3,7.7,3.4,2874.7
2006,Assam,Cachar,0.0,50.4,3.7,154.7,258.0,664.6,498.1,221.5,150.7,48.9,28.9,0.4,2079.9
2007,Assam,Cachar,0.0,104.2,53.9,387.7,326.9,467.7,393.9,450.1,460.2,245.7,63.2,0.7,2954.2
2008,Assam,Cachar,28.8,10.9,144.5,65.3,238.6,420.3,554.1,749.4,470.4,234.5,0.0,2.9,2919.7
2009,Assam,Cachar,0.0,24.6,111.0,238.5,200.2,511.8,456.8,566.5,265.4,91.2,0.0,0.0,2466.0
2010,Assam,Cachar,0.0,9.9,234.0,588.1,597.3,680.7,474.5,584.9,659.9,206.7,16.5,41.4,4093.9
2011,Assam,Cachar,14.1,12.2,73.8,114.2,454.2,398.5,480.1,383.5,281.0,87.3,0.0,0.1,2299.0
2012,Assam,Cachar,18.1,8.1,121.9,589.7,243.7,689.4,353.9,493.9,329.9,146.5,74.6,0.0,3069.7
2013,Assam,Cachar,0.0,3.0,74.0,139.2,661.0,256.8,496.7,518.0,222.4,183.7,0.0,1.3,2556.1
2014,Assam,Cachar,0.0,17.4,43.2,155.2,634.4,530.8,591.9,491.8,434.3,74.2,0.1,0.0,2973.3
2015,Assam,Cachar,4.6,11.1,13.1,470.7,301.9,419.8,442.4,417.9,335.3,91.8,6.8,11.3,2526.7
2003,Assam,Darrang,3.0,0.0,170.9,372.0,185.4,0.0,176.0,0.0,0.0,0.0,0.0,0.0,911.2
2004,Assam,Darrang,39.1,37.3,69.9,254.3,470.5,394.4,658.1,124.5,225.1,172.2,1.8,0.0,2447.2
2005,Assam,Darrang,19.4,29.4,110.1,327.4,287.1,396.4,309.4,428.7,124.1,240.2,6.8,0.0,2279.0
2006,Assam,Darrang,0.0,31.6,4.2,225.2,177.5,611.1,202.5,131.9,158.5,87.2,10.2,1.0,1640.9
2007,Assam,Darrang,0.0,92.6,19.7,342.3,166.2,398.1,433.3,150.7,153.5,136.4,3.7,0.0,1896.5
2008,Assam,Darrang,25.0,14.5,69.6,189.9,122.2,410.9,398.6,197.4,232.0,87.9,8.4,0.0,1756.4
2009,Assam,Darrang,0.0,8.4,40.3,160.8,210.5,208.9,486.3,254.8,155.3,77.1,0.0,0.0,1602.4
2010,Assam,Darrang,-1.0,-1.0,-1.0,-1.0,-1.0,-1.0,-1.0,-1.0,-1.0,-1.0,-1.0,-1.0,-1.0
2011,Assam,Darrang,0.0,0.0,0.0,0.0,0.0,0.0,-1.0,-1.0,-1.0,-1.0,-1.0,-1.0,-1.0
2012,Assam,Darrang,0.0,0.0,0.0,0.0,24.0,381.0,96.0,42.0,21.0,81.0,0.0,0.0,645.0
2013,Assam,Darrang,0.0,12.0,21.0,16.0,21.0,0.0,0.0,219.0,121.0,84.0,4.0,0.0,498.0
2014,Assam,Darrang,1.0,27.0,18.0,61.0,304.0,349.0,111.0,170.0,332.0,0.0,0.0,0.0,1373.0
2003,Assam,Dibrugarh,5.1,57.9,69.5,127.8,158.9,215.8,691.1,127.8,251.6,147.8,0.3,0.0,1860.2
2004,Assam,Dibrugarh,27.2,37.4,165.0,256.5,481.8,269.9,480.9,450.8,287.2,172.6,0.8,10.6,2640.7
2005,Assam,Dibrugarh,45.7,140.7,227.0,200.0,208.5,304.2,381.2,371.2,76.5,88.6,25.6,0.0,2069.2
2006,Assam,Dibrugarh,1.6,158.3,64.5,319.6,285.2,307.2,458.6,270.6,291.5,57.2,26.1,14.2,2254.6
2007,Assam,Dibrugarh,2.3,56.2,17.7,330.3,162.0,431.5,631.8,258.0,367.7,98.1,13.8,8.2,2377.6
2008,Assam,Dibrugarh,35.7,17.4,180.1,190.3,254.4,487.4,517.9,441.8,229.0,82.3,6.8,5.4,2448.5
2009,Assam,Dibrugarh,20.2,34.0,36.3,196.9,153.4,359.8,416.6,530.9,268.4,134.9,0.0,0.0,2151.4
2010,Assam,Dibrugarh,1.3,9.8,143.1,436.7,334.5,333.7,447.2,397.3,398.0,90.4,35.4,6.5,2633.9
2011,Assam,Dibrugarh,14.5,12.8,168.9,145.5,126.0,297.2,463.4,280.6,267.6,64.9,2.3,20.0,1863.7
2012,Assam,Dibrugarh,15.6,5.4,40.7,322.1,261.5,421.3,474.3,286.7,404.5,130.9,6.6,13.0,2382.6
2013,Assam,Dibrugarh,8.3,3.1,114.2,215.5,413.1,331.9,457.2,413.3,220.8,171.8,0.0,3.7,2352.9
2014,Assam,Dibrugarh,4.3,27.3,23.1,63.3,363.4,325.7,220.9,421.2,337.5,18.8,5.3,0.0,1810.8
2015,Assam,Dibrugarh,9.8,24.0,43.8,263.0,347.8,457.9,324.6,501.9,158.3,133.1,27.8,20.0,2312.0
2003,Assam,Goalpara,0.0,0.0,5.6,19.7,21.6,40.0,21.0,20.7,17.7,0.0,0.0,0.0,146.3
2004,Assam,Goalpara,4.0,0.0,59.9,257.9,392.4,979.6,223.0,200.2,476.0,6.4,4.2,0.0,2603.6
2005,Assam,Goalpara,12.6,2.1,103.8,296.2,287.2,668.3,493.2,443.6,101.9,401.7,0.0,0.0,2810.6
2006,Assam,Goalpara,0.0,0.0,0.0,130.1,281.2,324.6,309.3,356.5,405.3,123.9,4.9,7.2,1943.0
2007,Assam,Goalpara,0.0,53.7,50.4,351.0,165.9,365.4,467.8,432.3,322.6,134.9,0.0,0.0,2344.0
2008,Assam,Goalpara,50.8,1.0,142.7,348.8,245.2,435.6,453.3,627.8,311.1,140.6,0.0,0.0,2756.9
2009,Assam,Goalpara,0.0,0.0,91.6,240.3,313.7,312.2,498.6,480.8,84.6,151.8,0.0,0.0,2173.6
2010,Assam,Goalpara,52.4,484.2,485.5,612.0,234.5,177.9,107.1,106.4,4.2,2.1,-1.0,-1.0,2266.3
2011,Assam,Goalpara,14.6,0.0,80.7,41.7,252.4,407.2,395.6,231.8,149.9,25.6,31.5,0.0,1631.0
2012,Assam,Goalpara,6.0,12.0,2.7,130.7,145.1,797.9,370.9,109.9,317.8,144.5,0.0,0.0,2037.5
2013,Assam,Goalpara,0.0,11.8,22.2,242.9,531.2,467.1,208.5,234.4,197.1,94.6,2.0,0.0,2011.8
2014,Assam,Goalpara,0.0,22.3,44.9,44.5,422.1,330.2,346.9,318.3,517.5,21.0,0.0,0.2,2067.9
2015,Assam,Goalpara,21.0,2.6,53.0,180.0,581.4,1040.5,236.2,674.1,231.3,47.2,1.8,32.7,3101.8
2003,Assam,Kamrup,5.3,47.7,100.0,256.3,269.5,785.7,285.5,254.8,189.1,386.4,20.9,0.0,2634.8
2004,Assam,Kamrup,9.1,17.7,17.3,484.5,143.1,334.3,381.1,117.9,91.5,273.4,1.2,1.1,1872.2
2005,Assam,Kamrup,19.7,3.7,143.1,174.5,261.9,168.5,205.9,520.2,92.3,145.1,2.2,0.0,1737.1
2006,Assam,Kamrup,0.0,10.1,9.8,210.6,252.2,218.5,157.2,118.0,77.1,104.6,22.6,8.1,1188.8
2007,Assam,Kamrup,0.0,90.1,30.8,305.7,204.6,344.2,416.5,112.4,224.0,141.0,20.1,0.0,1889.4
2008,Assam,Kamrup,33.7,10.2,139.2,159.1,143.1,353.8,236.3,281.0,125.9,115.6,0.0,1.7,1599.6
2009,Assam,Kamrup,0.0,1.6,60.1,112.1,200.1,190.2,363.1,286.7,99.5,119.0,0.0,0.0,1432.4
2010,Assam,Kamrup,124.1,369.7,356.0,482.7,250.9,233.5,223.2,75.7,5.3,0.5,-1.0,-1.0,2121.6
2011,Assam,Kamrup,9.3,23.4,53.6,101.4,224.5,88.4,373.4,204.0,255.5,0.3,15.3,1.3,1350.4
2012,Assam,Kamrup,5.2,7.6,23.3,382.2,181.4,396.4,343.7,309.7,180.2,57.7,0.2,4.7,1892.3
2013,Assam,Kamrup,0.0,13.5,48.2,124.0,227.4,209.8,190.2,287.1,210.7,114.3,0.0,2.9,1428.1
2014,Assam,Kamrup,0.0,26.2,16.1,85.6,362.1,442.5,122.0,278.3,349.5,40.7,0.0,0.5,1723.5
2015,Assam,Kamrup,13.9,20.8,23.1,175.1,508.8,350.4,196.4,418.0,137.6,40.7,14.4,21.1,1920.3
2003,Assam,Karbi Anglong,0.0,0.0,0.0,0.0,166.8,148.8,74.4,431.2,154.0,90.0,0.0,0.0,1065.2
2004,Assam,Karbi Anglong,2.5,1.1,25.5,217.2,121.5,184.3,411.3,130.8,202.6,216.5,6.9,2.9,1523.1
2005,Assam,Karbi Anglong,22.7,3.8,185.5,26.2,116.0,96.1,179.3,242.1,151.8,100.0,0.0,0.0,1123.5
2006,Assam,Karbi Anglong,0.0,7.3,1.7,71.1,182.1,123.2,274.9,58.3,96.3,97.5,12.6,0.0,925.0
2007,Assam,Karbi Anglong,0.0,109.8,1.3,131.1,77.2,208.5,156.7,260.3,241.9,98.0,49.1,5.9,1339.8
2008,Assam,Karbi Anglong,13.1,14.8,50.2,47.0,118.8,164.1,169.4,266.5,241.2,100.3,0.0,0.0,1185.4
2009,Assam,Karbi Anglong,0.0,0.0,0.0,17.8,122.0,79.1,253.1,190.3,123.6,84.1,0.0,0.0,870.0
2010,Assam,Karbi Anglong,38.8,132.2,135.5,147.7,76.7,201.5,103.7,106.8,0.3,0.6,-1.0,-1.0,943.8
2011,Assam,Karbi Anglong,7.6,12.0,43.4,41.3,55.1,260.3,207.3,144.5,49.2,23.3,0.2,0.0,844.2
2012,Assam,Karbi Anglong,3.0,0.0,0.1,107.9,64.2,246.4,131.4,159.5,167.8,142.0,8.2,0.0,1030.5
2013,Assam,Karbi Anglong,0.0,4.0,42.3,68.2,244.9,226.3,255.4,129.9,202.2,78.6,0.0,0.5,1252.3
2014,Assam,Karbi Anglong,5.2,19.1,33.3,18.5,108.0,153.4,349.4,177.4,258.6,32.5,0.0,0.4,1155.8
2015,Assam,Karbi Anglong,19.0,3.8,27.4,145.6,123.4,234.4,173.0,222.7,185.1,70.7,10.5,0.5,1216.1
2003,Assam,Lakhimpur,0.0,22.2,59.3,178.6,219.7,277.0,533.8,193.7,138.8,128.3,10.9,0.0,1762.3
2004,Assam,Lakhimpur,29.8,36.0,155.3,254.1,638.6,441.2,493.8,477.7,320.7,296.4,2.9,31.9,3178.4
2005,Assam,Lakhimpur,42.7,116.6,164.8,229.6,275.1,545.5,504.4,649.8,147.0,102.6,37.8,0.0,2815.9
2006,Assam,Lakhimpur,6.3,130.5,33.5,218.3,339.6,658.0,570.2,398.4,324.6,123.2,48.7,25.1,2876.4
2007,Assam,Lakhimpur,13.8,81.5,41.3,295.4,411.0,650.6,675.2,512.5,409.0,122.0,14.1,19.4,3245.8
2008,Assam,Lakhimpur,53.0,39.5,96.4,151.5,272.2,602.8,472.6,561.2,333.4,99.6,9.5,1.1,2692.8
2009,Assam,Lakhimpur,15.8,24.0,26.1,188.7,237.4,327.4,455.9,746.2,152.4,150.5,0.0,0.0,2324.4
2010,Assam,Lakhimpur,149.8,349.0,349.6,808.6,488.7,490.0,529.9,59.2,38.5,4.4,-1.0,-1.0,3267.7
2011,Assam,Lakhimpur,6.6,10.5,188.1,132.7,299.5,439.2,940.6,403.9,389.5,15.3,4.6,6.3,2836.8
2012,Assam,Lakhimpur,11.4,3.2,29.9,243.2,295.7,575.2,536.6,369.0,454.8,190.5,11.0,14.5,2735.0
2013,Assam,Lakhimpur,5.6,8.2,76.6,92.4,329.7,402.4,614.7,492.8,223.9,111.2,2.1,6.0,2365.6
2014,Assam,Lakhimpur,8.7,53.2,28.4,29.9,419.2,431.7,520.8,686.7,462.5,34.3,24.4,4.0,2703.8
2015,Assam,Lakhimpur,4.9,21.6,13.8,218.2,331.4,828.4,355.1,570.0,354.1,41.9,23.1,18.6,2781.1
2003,Assam,North Cachar Hil / Dima Hasao,0.0,0.0,0.0,0.0,0.0,0.0,0.0,0.0,0.0,0.0,0.0,0.0,-1.0
2004,Assam,North Cachar Hil / Dima Hasao,0.0,0.0,0.0,0.0,0.0,0.0,0.0,0.0,0.0,0.0,0.0,0.0,-1.0
2005,Assam,North Cachar Hil / Dima Hasao,0.0,0.0,0.0,0.0,0.0,0.0,0.0,0.0,0.0,0.0,0.0,0.0,-1.0
2006,Assam,North Cachar Hil / Dima Hasao,0.0,0.0,0.0,0.0,0.0,0.0,0.0,0.0,0.0,0.0,0.0,0.0,-1.0
2007,Assam,North Cachar Hil / Dima Hasao,15.0,143.0,385.0,397.0,0.0,0.0,0.0,0.0,0.0,0.0,0.0,0.0,940.0
2008,Assam,North Cachar Hil / Dima Hasao,0.0,0.0,0.0,0.0,0.0,0.0,0.0,0.0,0.0,0.0,0.0,0.0,-1.0
2009,Assam,North Cachar Hil / Dima Hasao,0.0,0.0,0.0,0.0,0.0,0.0,0.0,0.0,0.0,0.0,0.0,0.0,-1.0
2010,Assam,North Cachar Hil / Dima Hasao,36.3,195.5,104.2,195.8,201.0,241.4,178.0,45.8,3.1,23.3,-1.0,-1.0,1224.4
2011,Assam,North Cachar Hil / Dima Hasao,0.0,8.2,54.6,62.9,215.1,75.0,253.4,197.6,88.6,21.1,0.0,0.0,976.5
2012,Assam,North Cachar Hil / Dima Hasao,3.1,0.0,30.5,76.9,42.6,1428.5,790.5,77.9,264.7,250.9,47.3,0.0,3012.9
2013,Assam,North Cachar Hil / Dima Hasao,0.0,12.4,80.6,104.5,473.5,134.6,277.0,219.4,197.9,91.8,0.0,0.0,1591.7
2014,Assam,North Cachar Hil / Dima Hasao,0.0,18.2,35.1,32.3,281.1,210.0,420.0,272.9,280.0,49.4,0.0,0.0,1599.0
2015,Assam,North Cachar Hil / Dima Hasao,15.3,14.0,24.1,252.3,164.8,319.2,306.8,214.4,258.6,35.8,21.1,12.6,1639.0
2003,Assam,Nagaon,7.6,22.4,65.0,240.8,227.0,285.7,250.2,268.7,287.2,157.2,16.2,0.0,1848.8
2004,Assam,Nagaon,21.4,0.0,5.5,300.3,23.8,172.6,268.6,134.9,154.7,194.4,0.0,3.2,1279.4
2005,Assam,Nagaon,57.0,9.2,91.3,71.7,93.4,101.9,178.1,197.1,80.8,137.0,0.9,0.0,1018.4
2006,Assam,Nagaon,0.0,22.7,13.1,58.5,183.3,186.7,160.0,157.2,179.5,62.4,22.4,23.3,1069.1
2007,Assam,Nagaon,0.0,56.9,13.2,159.9,108.8,290.2,297.6,240.3,341.3,123.6,45.8,0.0,1677.6
2008,Assam,Nagaon,16.8,3.4,62.4,159.5,99.6,253.7,161.1,288.0,215.6,94.1,0.0,0.0,1354.2
2009,Assam,Nagaon,0.0,1.9,22.7,28.4,79.0,87.1,159.2,150.1,84.8,101.2,0.0,0.0,714.4
2010,Assam,Nagaon,45.8,168.7,205.8,226.3,162.5,362.7,161.4,105.9,6.1,3.2,-1.0,-1.0,1448.4
2011,Assam,Nagaon,9.8,3.4,31.6,25.7,200.2,243.2,240.0,221.9,115.3,35.3,0.7,0.4,1127.5
2012,Assam,Nagaon,9.5,0.0,12.4,107.5,80.6,184.6,264.5,199.5,213.2,168.5,5.2,0.0,1245.5
2013,Assam,Nagaon,0.0,10.8,27.3,52.0,205.3,136.2,239.5,140.7,200.2,112.0,0.0,8.2,1132.2
2014,Assam,Nagaon,2.4,31.8,16.2,80.8,81.8,209.2,279.6,341.0,286.6,10.3,0.0,0.3,1340.0
2015,Assam,Nagaon,2.7,8.2,9.5,120.1,110.5,153.6,191.3,182.0,121.4,16.8,6.9,8.7,931.7
2003,Assam,Sibsagar,6.2,40.1,6.9,335.5,277.0,303.5,481.6,325.6,296.7,199.6,34.7,0.0,2314.3
2004,Assam,Sibsagar,47.6,66.4,82.7,232.8,300.1,344.3,386.9,290.1,236.2,181.3,7.4,0.1,2175.9
2005,Assam,Sibsagar,38.7,61.7,159.0,227.8,152.7,217.3,397.8,423.0,62.7,101.5,11.5,0.0,1853.7
2006,Assam,Sibsagar,0.2,97.9,12.5,117.5,156.9,231.7,367.6,196.2,171.3,26.4,31.1,4.4,1413.7
2007,Assam,Sibsagar,4.0,38.1,14.7,203.9,99.3,281.3,403.4,293.9,359.1,24.6,23.5,6.5,1752.3
2008,Assam,Sibsagar,16.0,5.6,77.9,97.0,193.5,327.8,356.5,293.9,190.6,108.1,4.6,0.3,1671.8
2009,Assam,Sibsagar,7.1,28.7,26.1,122.4,88.0,256.0,280.8,396.1,309.8,105.9,0.0,0.0,1620.9
2010,Assam,Sibsagar,60.7,317.9,303.8,267.7,417.6,347.8,432.9,159.7,28.2,0.0,-1.0,-1.0,2336.3
2011,Assam,Sibsagar,0.0,0.0,0.0,-1.0,129.0,186.7,500.3,201.0,406.8,52.5,6.7,2.0,1485.0
2012,Assam,Sibsagar,22.7,4.1,37.8,347.6,176.3,208.2,324.3,285.3,205.4,45.3,0.1,4.4,1661.5
2013,Assam,Sibsagar,1.5,7.7,91.9,110.7,326.8,175.7,416.8,390.8,112.6,103.9,0.0,7.1,1745.5
2014,Assam,Sibsagar,4.5,21.5,32.3,57.3,134.7,330.7,451.4,240.8,155.2,57.6,1.6,0.0,1487.6
2015,Assam,Sibsagar,16.7,14.0,32.1,234.7,293.0,273.6,328.4,297.2,212.8,115.1,6.4,39.5,1863.5
2003,Himachal Pradesh,Bilashpur,115.1,11.3,0.0,19.4,43.7,106.6,319.5,239.5,198.7,0.0,9.5,8.6,1071.9
2004,Himachal Pradesh,Bilashpur,36.4,96.0,87.1,1.7,13.7,73.3,160.4,263.8,26.9,73.2,-1.0,16.5,848.0
2005,Himachal Pradesh,Bilashpur,47.7,-1.0,64.0,23.6,58.3,29.0,238.9,138.8,73.2,-1.0,-1.0,-1.0,672.5
2006,Himachal Pradesh,Bilashpur,-1.0,128.7,158.1,10.2,10.3,82.3,282.2,373.8,89.0,32.6,2.6,13.3,1183.1
2007,Himachal Pradesh,Bilashpur,0.0,121.0,168.1,15.2,12.9,94.7,339.2,386.4,66.9,20.0,0.0,26.3,1250.7
2008,Himachal Pradesh,Bilashpur,25.1,37.0,0.8,37.1,36.2,248.2,295.9,385.3,207.0,25.2,0.4,0.5,1298.7
2009,Himachal Pradesh,Bilashpur,12.0,14.1,41.6,39.2,16.5,28.1,347.4,276.9,229.1,13.2,11.0,0.0,1029.1
2010,Himachal Pradesh,Bilashpur,10.1,41.2,1.6,2.7,56.4,157.4,314.3,205.0,180.0,18.0,9.4,73.6,1069.7
2011,Himachal Pradesh,Bilashpur,30.3,88.7,49.7,23.1,64.2,189.0,155.6,390.6,117.3,1.3,0.0,15.0,1124.8
2012,Himachal Pradesh,Bilashpur,119.6,26.5,16.6,37.3,2.2,23.0,244.7,343.5,170.9,4.0,2.5,18.3,1009.1
2013,Himachal Pradesh,Bilashpur,56.2,134.3,61.5,2.1,28.8,271.1,205.2,275.1,81.2,8.5,11.0,27.6,1162.6
2014,Himachal Pradesh,Bilashpur,51.9,82.7,72.6,28.5,37.1,67.2,236.8,237.2,97.0,6.3,0.0,63.9,981.2
2015,Himachal Pradesh,Bilashpur,64.7,82.5,196.6,63.1,28.9,84.4,294.5,280.9,57.9,14.9,2.6,31.0,1202.0
2003,Himachal Pradesh,Chamba,355.3,180.7,0.0,249.5,158.2,90.0,247.7,491.2,248.9,0.0,98.3,105.3,2225.1
2004,Himachal Pradesh,Chamba,192.1,379.0,320.7,37.2,77.3,166.6,245.9,223.5,54.9,209.0,30.0,185.2,2121.4
2005,Himachal Pradesh,Chamba,131.5,108.8,204.2,56.3,67.8,53.4,563.4,165.9,163.4,-1.0,0.5,-1.0,1515.2
2006,Himachal Pradesh,Chamba,-1.0,39.9,281.1,10.4,62.5,163.5,222.4,348.2,131.2,21.5,30.8,85.8,1397.3
2007,Himachal Pradesh,Chamba,0.7,108.0,189.8,7.0,23.5,63.7,72.7,57.0,11.0,0.0,0.0,0.0,533.4
2008,Himachal Pradesh,Chamba,0.0,0.0,0.0,0.0,0.0,98.3,134.6,98.7,90.8,4.6,0.0,50.5,477.5
2009,Himachal Pradesh,Chamba,81.0,18.1,5.4,0.0,26.3,10.9,78.4,22.8,115.3,0.0,65.8,7.3,431.3
2010,Himachal Pradesh,Chamba,17.9,58.8,17.1,44.0,73.3,82.4,232.9,358.4,137.9,8.4,5.2,50.9,1087.2
2011,Himachal Pradesh,Chamba,21.6,125.6,83.7,53.2,17.2,129.9,210.7,275.9,120.4,9.0,0.6,5.1,1052.9
2012,Himachal Pradesh,Chamba,213.4,66.9,25.2,93.6,8.0,17.1,127.7,299.9,187.1,2.9,24.0,39.8,1105.6
2013,Himachal Pradesh,Chamba,56.7,228.4,68.3,19.4,45.9,175.4,185.1,386.5,44.0,19.0,34.2,47.6,1310.5
2014,Himachal Pradesh,Chamba,70.6,171.1,231.6,89.5,89.6,34.4,175.3,129.1,130.0,24.9,10.9,33.4,1190.4
2015,Himachal Pradesh,Chamba,72.4,222.6,223.4,122.1,30.5,109.0,302.3,199.6,152.0,33.1,28.1,46.3,1541.4
2003,Himachal Pradesh,Kangra,130.8,23.8,0.0,47.3,45.9,111.8,393.6,555.7,284.2,0.0,13.6,17.8,1624.5
2004,Himachal Pradesh,Kangra,84.1,144.3,108.0,12.2,16.4,132.8,460.6,401.4,134.9,140.2,6.7,37.8,1679.4
2005,Himachal Pradesh,Kangra,64.5,14.8,87.2,13.9,137.4,105.6,603.9,355.6,325.9,9.1,-1.0,-1.0,1717.9
2006,Himachal Pradesh,Kangra,-1.0,163.1,203.9,15.8,54.5,201.7,552.1,549.6,200.7,54.7,12.4,41.0,2049.5
2007,Himachal Pradesh,Kangra,0.0,126.8,195.5,11.4,50.0,241.9,388.1,398.4,172.4,2.1,3.4,20.0,1610.0
2008,Himachal Pradesh,Kangra,61.9,58.7,1.6,40.3,74.3,488.8,475.2,486.2,69.6,45.2,0.0,3.5,1805.3
2009,Himachal Pradesh,Kangra,30.1,35.1,29.0,55.6,33.9,52.3,402.8,329.4,162.1,13.5,65.7,0.4,1209.9
2010,Himachal Pradesh,Kangra,17.3,66.0,12.3,10.7,50.4,123.9,339.9,658.3,249.5,22.4,8.2,52.3,1611.2
2011,Himachal Pradesh,Kangra,51.0,93.1,36.6,69.1,45.8,213.6,357.8,756.6,218.6,28.8,0.2,4.6,1875.8
2012,Himachal Pradesh,Kangra,170.6,45.9,37.3,53.3,9.9,35.9,603.9,940.2,308.9,9.1,4.0,31.6,2250.6
2013,Himachal Pradesh,Kangra,52.2,121.3,72.5,28.9,26.5,370.4,666.0,739.6,169.4,89.4,19.8,47.5,2403.5
2014,Himachal Pradesh,Kangra,62.0,123.8,98.0,52.7,45.2,100.2,449.2,386.3,119.1,38.0,0.7,43.8,1519.0
2015,Himachal Pradesh,Kangra,65.9,115.3,180.6,66.3,32.2,160.6,624.7,576.9,109.6,28.3,8.6,27.4,1996.4
2003,Himachal Pradesh,Kinnaur,74.0,19.0,1.6,33.1,32.4,24.1,18.5,17.6,9.3,1.8,0.6,38.8,270.8
2004,Himachal Pradesh,Kinnaur,480.2,355.1,204.6,39.1,45.6,7.5,17.4,46.9,4.2,50.2,1.2,45.7,480.2
2005,Himachal Pradesh,Kinnaur,98.3,28.4,220.0,48.7,5.2,15.5,93.9,5.9,71.7,0.1,-1.0,3.9,591.6
2006,Himachal Pradesh,Kinnaur,-1.0,65.8,75.2,2.4,17.8,13.2,74.7,17.5,15.4,0.7,4.1,20.4,307.2
2007,Himachal Pradesh,Kinnaur,0.0,116.2,165.9,5.1,28.8,19.2,61.3,82.8,71.9,25.7,0.4,51.2,628.5
2008,Himachal Pradesh,Kinnaur,227.0,52.4,18.4,60.8,21.4,33.9,28.7,75.9,169.9,1.1,3.1,42.5,735.1
2009,Himachal Pradesh,Kinnaur,29.9,36.5,12.6,59.8,65.3,26.8,49.4,19.3,205.9,19.6,24.8,22.1,572.0
2010,Himachal Pradesh,Kinnaur,37.1,107.2,63.2,113.1,118.1,80.0,130.7,132.4,203.9,26.3,13.6,44.2,1069.8
2011,Himachal Pradesh,Kinnaur,46.1,115.5,77.6,64.3,34.8,37.5,62.1,115.5,21.8,1.4,0.0,4.9,581.5
2012,Himachal Pradesh,Kinnaur,99.2,136.5,72.2,64.2,9.4,6.5,22.7,56.6,35.7,0.9,1.8,17.1,522.8
2013,Himachal Pradesh,Kinnaur,150.7,242.9,89.4,56.8,31.4,335.4,24.0,24.3,76.8,5.5,8.4,9.4,1055.0
2014,Himachal Pradesh,Kinnaur,78.1,140.7,69.5,52.9,25.6,7.3,25.9,8.6,10.2,1.4,0.2,39.3,459.7
2015,Himachal Pradesh,Kinnaur,67.2,166.7,228.2,32.7,44.1,44.1,35.0,23.3,37.8,4.5,8.9,18.0,710.5
2003,Himachal Pradesh,Kullu,118.3,29.5,0.0,54.4,103.1,75.1,174.4,134.4,106.0,0.0,14.4,56.1,865.7
2004,Himachal Pradesh,Kullu,94.7,142.9,112.2,48.3,57.7,40.0,82.5,280.3,27.4,148.4,2.4,20.5,1057.3
2005,Himachal Pradesh,Kullu,103.3,44.4,138.0,75.0,44.3,96.9,233.3,32.0,173.9,0.3,-1.0,-1.0,941.4
2006,Himachal Pradesh,Kullu,-1.0,156.4,187.8,29.2,100.6,73.7,173.6,128.0,74.8,31.1,18.4,34.4,1008.0
2007,Himachal Pradesh,Kullu,0.0,173.5,203.0,18.1,94.5,38.7,121.0,125.4,39.2,18.2,0.0,19.8,851.4
2008,Himachal Pradesh,Kullu,181.5,55.4,6.3,83.0,89.1,181.9,251.1,287.7,216.1,35.0,1.8,57.1,1446.0
2009,Himachal Pradesh,Kullu,109.9,105.3,51.2,83.5,78.8,43.3,160.5,161.3,211.9,12.4,136.4,24.2,1178.7
2010,Himachal Pradesh,Kullu,21.8,177.7,103.8,70.1,102.5,198.4,292.8,408.7,234.9,50.9,15.7,69.2,1746.5
2011,Himachal Pradesh,Kullu,54.6,181.6,136.1,148.0,61.9,123.0,146.0,330.7,110.8,3.3,3.0,20.6,1319.6
2012,Himachal Pradesh,Kullu,140.3,184.0,85.2,98.0,24.8,44.5,180.2,265.4,166.6,4.3,13.5,77.5,1284.3
2013,Himachal Pradesh,Kullu,110.9,274.6,117.1,40.9,41.1,155.9,214.4,205.8,63.8,10.1,21.9,35.2,1291.7
2014,Himachal Pradesh,Kullu,83.1,150.7,204.9,88.3,114.6,50.0,181.0,114.2,70.8,21.3,5.1,72.6,1156.6
2015,Himachal Pradesh,Kullu,110.8,212.2,195.0,113.3,47.1,91.6,235.8,108.9,62.2,15.3,26.5,34.9,1253.6
2003,Himachal Pradesh,Lahul & Spiti,64.7,39.3,4.9,63.1,21.9,10.4,8.6,35.8,5.5,0.0,16.7,15.0,285.9
2004,Himachal Pradesh,Lahul & Spiti,154.7,275.0,117.7,21.1,50.3,5.7,9.3,22.7,8.1,44.7,15.5,48.3,773.1
2005,Himachal Pradesh,Lahul & Spiti,139.3,38.7,67.4,71.2,25.0,3.8,103.0,7.0,57.5,-1.0,-1.0,3.3,516.2
2006,Himachal Pradesh,Lahul & Spiti,5.0,79.0,112.0,1.0,15.0,3.5,24.3,75.0,19.6,0.5,1.5,26.0,362.4
2007,Himachal Pradesh,Lahul & Spiti,0.1,79.8,170.1,0.5,16.4,24.0,49.6,36.1,13.8,0.0,0.0,0.0,390.4
2008,Himachal Pradesh,Lahul & Spiti,0.0,0.0,0.0,0.0,1.0,10.8,24.3,85.9,84.2,28.4,0.0,52.5,287.1
2009,Himachal Pradesh,Lahul & Spiti,71.2,72.6,31.2,81.5,62.2,31.6,40.0,32.9,112.1,14.1,40.1,30.2,619.7
2010,Himachal Pradesh,Lahul & Spiti,16.6,86.6,57.7,103.7,134.3,100.0,143.5,42.9,44.5,27.7,4.3,52.0,813.8
2011,Himachal Pradesh,Lahul & Spiti,36.4,81.3,66.7,74.5,21.1,22.5,4.3,108.6,40.2,10.7,1.2,4.0,471.5
2012,Himachal Pradesh,Lahul & Spiti,44.0,75.4,73.7,63.6,27.0,19.6,5.0,33.4,68.5,0.3,6.4,38.5,455.4
2013,Himachal Pradesh,Lahul & Spiti,58.4,148.9,82.3,31.8,42.0,64.1,8.9,32.7,13.9,2.4,12.9,11.3,509.6
2014,Himachal Pradesh,Lahul & Spiti,70.6,110.9,111.1,45.7,70.8,13.2,24.7,14.6,41.4,9.5,9.5,16.6,538.6
2015,Himachal Pradesh,Lahul & Spiti,53.2,194.7,182.3,104.8,74.0,42.7,28.6,18.7,71.7,11.6,18.3,13.9,814.5
2003,Himachal Pradesh,Solan,86.9,4.3,0.0,14.8,43.1,94.5,292.9,185.8,82.4,0.0,1.9,26.5,833.1
2004,Himachal Pradesh,Solan,45.3,131.5,54.2,11.5,21.3,60.0,71.3,270.6,70.6,92.3,1.0,3.5,833.1
2005,Himachal Pradesh,Solan,40.7,1.1,71.9,12.2,67.9,39.8,339.5,105.1,170.7,-1.0,-1.0,2.9,851.8
2006,Himachal Pradesh,Solan,6.0,158.4,141.0,17.4,18.4,96.0,235.5,206.2,72.0,6.6,6.4,13.3,977.2
2007,Himachal Pradesh,Solan,0.1,171.2,150.6,18.0,21.1,124.1,200.0,364.2,100.8,18.9,0.0,4.8,1173.8
2008,Himachal Pradesh,Solan,44.1,32.7,0.0,11.4,95.9,307.5,275.3,357.9,341.2,24.9,0.0,1.2,1492.1
2009,Himachal Pradesh,Solan,10.6,22.2,34.3,19.4,21.1,44.9,224.7,122.4,365.9,10.3,6.1,0.2,882.1
2010,Himachal Pradesh,Solan,7.5,56.3,0.2,0.7,39.4,169.2,419.3,287.4,283.8,29.8,15.4,68.3,1377.3
2011,Himachal Pradesh,Solan,8.7,61.5,15.5,11.5,31.0,179.6,279.2,251.2,55.1,0.2,0.0,17.0,910.5
2012,Himachal Pradesh,Solan,67.8,9.2,12.4,41.5,3.0,15.1,317.9,366.8,195.0,1.0,2.4,19.1,1051.2
2013,Himachal Pradesh,Solan,91.0,184.7,60.8,4.4,21.0,348.9,185.4,188.3,89.6,28.7,24.0,23.5,1250.3
2014,Himachal Pradesh,Solan,67.0,99.9,121.1,62.9,71.5,125.8,354.9,157.0,137.0,24.6,0.0,122.5,1344.2
2015,Himachal Pradesh,Solan,64.2,76.8,254.9,84.3,22.5,81.9,432.6,251.0,49.2,23.3,13.1,28.4,1382.2
2003,Himachal Pradesh,Mandi,102.1,13.8,0.0,43.6,45.2,136.2,448.8,418.8,211.3,0.0,21.6,12.5,1453.9
2004,Himachal Pradesh,Mandi,64.7,115.5,86.5,5.4,30.3,121.1,310.8,282.9,64.5,110.1,0.9,19.4,1212.1
2005,Himachal Pradesh,Mandi,51.5,34.2,69.3,23.8,77.6,117.3,497.2,215.0,171.1,6.0,-1.0,-1.0,1263.0
2006,Himachal Pradesh,Mandi,-1.0,87.7,93.2,7.1,23.4,118.8,379.1,367.5,174.0,15.0,4.4,28.2,1294.0
2007,Himachal Pradesh,Mandi,0.0,123.0,169.9,5.9,55.9,167.6,379.9,429.7,113.1,5.2,0.0,22.1,1472.3
2008,Himachal Pradesh,Mandi,59.0,44.7,2.0,29.6,94.9,311.6,274.4,290.7,164.8,21.1,2.3,5.4,1300.5
2009,Himachal Pradesh,Mandi,19.2,16.1,57.6,45.9,61.4,71.8,185.3,240.9,239.9,7.2,19.7,0.2,965.2
2010,Himachal Pradesh,Mandi,11.4,83.2,14.0,18.5,47.4,187.6,378.5,434.8,215.9,21.5,8.5,62.3,1483.6
2011,Himachal Pradesh,Mandi,35.2,91.1,55.2,71.1,96.0,230.2,269.9,470.5,126.4,4.3,0.3,14.7,1464.9
2012,Himachal Pradesh,Mandi,114.5,39.3,27.3,94.6,6.3,36.7,426.9,480.6,186.9,2.9,5.0,22.2,1443.2
2013,Himachal Pradesh,Mandi,62.4,142.5,71.5,29.0,18.7,381.9,393.5,321.4,97.8,14.1,17.6,23.2,1573.6
2014,Himachal Pradesh,Mandi,64.1,113.2,105.9,62.1,102.9,124.7,396.9,374.6,152.1,27.5,2.3,94.4,1620.7
2015,Himachal Pradesh,Mandi,87.5,130.2,154.4,100.1,38.8,113.4,407.5,340.9,73.0,29.6,9.7,39.4,1524.5
2003,Himachal Pradesh,Shimla,119.8,19.0,0.0,72.6,59.4,57.5,203.1,230.3,113.0,0.0,8.9,43.4,927.0
2004,Himachal Pradesh,Shimla,120.1,165.7,99.8,34.6,25.0,75.8,82.9,241.1,40.5,86.8,2.4,10.7,985.4
2005,Himachal Pradesh,Shimla,94.6,12.8,80.1,60.1,95.9,87.3,385.8,74.4,135.6,1.0,0.6,3.3,1031.5
2006,Himachal Pradesh,Shimla,-1.0,145.6,148.9,22.8,48.8,127.1,302.8,261.1,57.1,19.9,18.2,33.3,1185.6
2007,Himachal Pradesh,Shimla,0.0,128.2,155.2,12.7,49.5,68.3,145.2,228.9,45.1,20.3,0.0,31.3,884.7
2008,Himachal Pradesh,Shimla,92.9,44.5,2.1,39.5,102.9,248.0,148.1,284.2,243.7,12.9,6.1,12.7,1237.6
2009,Himachal Pradesh,Shimla,14.8,19.0,39.0,36.2,42.0,39.5,127.3,110.2,270.3,7.8,18.0,2.6,726.7
2010,Himachal Pradesh,Shimla,17.1,87.7,9.3,20.7,49.8,155.0,303.5,280.4,261.6,26.5,8.3,52.8,1272.7
2011,Himachal Pradesh,Shimla,31.1,60.7,35.6,33.7,73.4,143.4,150.8,270.2,101.7,3.4,0.1,9.1,913.2
2012,Himachal Pradesh,Shimla,107.4,33.3,21.8,73.4,5.3,42.8,169.3,272.8,102.3,2.8,2.4,16.3,849.9
2013,Himachal Pradesh,Shimla,96.9,188.3,71.4,24.8,25.4,225.5,133.2,157.5,60.0,21.2,9.9,12.9,1027.0
2014,Himachal Pradesh,Shimla,53.3,111.5,117.0,83.6,74.3,78.7,300.8,103.2,75.7,21.1,0.6,60.7,1080.5
2015,Himachal Pradesh,Shimla,54.4,109.6,148.7,70.5,30.6,87.3,299.4,199.3,41.3,15.1,11.1,21.4,1088.7
2003,Himachal Pradesh,Sirmaur,132.8,1.4,0.0,26.5,43.4,95.5,406.5,392.9,280.2,0.0,5.5,18.5,1403.2
2004,Himachal Pradesh,Sirmaur,72.4,123.4,68.7,3.2,20.9,125.8,134.7,477.1,93.4,74.8,3.5,5.4,1203.3
2005,Himachal Pradesh,Sirmaur,54.1,3.6,114.0,11.7,85.3,85.0,525.2,144.2,201.1,-1.0,-1.0,0.3,1224.5
2006,Himachal Pradesh,Sirmaur,0.5,222.4,175.9,12.8,33.9,134.6,518.1,299.8,49.0,5.2,8.7,15.1,1476.0
2007,Himachal Pradesh,Sirmaur,0.0,179.7,166.0,15.2,24.8,186.9,199.6,399.0,80.8,13.3,0.0,11.0,1276.3
2008,Himachal Pradesh,Sirmaur,29.4,33.1,0.0,41.9,64.0,320.6,305.7,366.0,255.1,5.3,1.0,0.0,1422.1
2009,Himachal Pradesh,Sirmaur,1.3,24.1,24.9,16.6,37.1,40.7,313.3,112.7,365.1,26.3,12.8,0.0,974.9
2010,Himachal Pradesh,Sirmaur,8.1,31.4,1.2,4.4,24.6,90.3,566.7,509.5,597.1,13.4,12.3,44.9,1903.9
2011,Himachal Pradesh,Sirmaur,11.4,32.7,15.2,17.7,61.4,415.4,456.2,399.3,196.7,7.0,0.0,11.9,1624.9
2012,Himachal Pradesh,Sirmaur,49.9,12.2,8.3,26.6,0.7,41.3,375.9,396.5,169.0,0.2,2.2,16.7,1099.5
2013,Himachal Pradesh,Sirmaur,110.8,193.3,22.8,4.8,14.2,496.7,405.3,426.9,62.1,36.4,9.4,24.8,1807.5
2014,Himachal Pradesh,Sirmaur,85.2,117.3,82.6,40.2,45.9,65.5,413.5,250.7,147.9,23.8,0.0,88.2,1360.8
2015,Himachal Pradesh,Sirmaur,38.9,42.2,209.1,44.9,29.7,80.8,322.1,351.4,51.1,7.4,1.0,8.2,1186.8
2003,Kerala,Alappuzha,0.1,63.2,61.4,114.2,144.6,494.4,419.8,335.9,82.4,465.9,130.0,13.0,2324.9
2004,Kerala,Alappuzha,2.9,1.0,50.1,97.9,685.1,502.2,351.4,310.8,216.2,414.5,164.0,0.0,2796.1
2005,Kerala,Alappuzha,19.0,12.0,39.0,135.0,313.0,670.0,547.0,362.0,272.0,340.0,216.0,60.0,2985.0
2006,Kerala,Alappuzha,25.0,28.0,57.0,74.0,487.0,482.0,443.0,332.0,400.0,451.0,268.0,6.0,3053.0
2007,Kerala,Alappuzha,0.0,31.0,2.0,146.2,284.2,597.3,780.2,368.3,417.6,306.8,173.4,6.4,3113.4
2008,Kerala,Alappuzha,0.0,88.2,175.5,166.3,127.8,366.5,660.7,189.4,332.6,313.7,122.3,41.9,2584.9
2009,Kerala,Alappuzha,1.7,4.4,2.4,131.9,256.4,559.8,503.3,164.0,250.2,210.9,318.5,54.6,2458.1
2010,Kerala,Alappuzha,16.6,2.2,92.7,161.6,322.0,529.3,474.6,255.9,242.3,555.2,309.3,96.8,3058.5
2011,Kerala,Alappuzha,30.7,48.0,35.7,183.4,251.0,553.9,377.0,294.0,359.4,160.0,139.5,169.7,2602.3
2012,Kerala,Alappuzha,44.1,19.9,60.7,210.1,159.5,215.7,271.5,407.1,195.4,151.0,105.2,5.5,1845.7
2013,Kerala,Alappuzha,24.0,88.4,49.8,40.3,137.4,935.9,637.6,245.3,292.1,186.4,171.5,15.2,2823.9
2014,Kerala,Alappuzha,0.2,23.3,32.7,143.8,250.6,362.8,355.6,615.3,227.6,311.0,93.8,52.3,2469.0
2015,Kerala,Alappuzha,3.2,5.2,98.9,237.2,177.8,474.5,235.7,188.6,238.4,375.9,189.7,120.4,2345.5
2003,Kerala,Kannur,0.0,2.5,1.7,112.4,40.0,1071.4,854.0,431.7,117.5,201.2,32.0,0.0,2864.4
2004,Kerala,Kannur,0.0,0.0,20.9,48.8,772.3,1033.6,463.1,565.8,129.4,260.6,128.0,0.0,3422.5
2005,Kerala,Kannur,10.0,0.0,0.0,49.0,200.0,958.0,1016.0,554.0,242.0,211.0,105.0,22.0,3367.0
2006,Kerala,Kannur,5.0,4.0,9.0,5.0,617.0,736.0,675.0,491.0,570.0,267.0,98.0,2.0,3479.0
2007,Kerala,Kannur,0.1,0.0,0.0,65.6,213.7,949.8,1115.9,783.8,595.6,315.1,72.3,0.2,4112.1
2008,Kerala,Kannur,0.0,19.2,166.3,89.4,102.0,312.5,483.6,480.3,396.4,392.5,3.0,9.8,2455.0
2009,Kerala,Kannur,0.0,0.0,0.0,97.2,169.6,625.3,1456.5,299.5,320.4,200.3,306.8,48.7,3524.3
2010,Kerala,Kannur,19.1,0.0,9.4,65.3,137.0,843.9,959.6,511.0,269.3,345.7,338.1,2.3,3500.7
2011,Kerala,Kannur,0.0,0.0,0.0,90.4,47.3,1094.0,852.5,647.5,436.4,214.6,90.1,0.5,3473.3
2012,Kerala,Kannur,0.0,5.5,2.2,35.7,58.3,742.8,476.0,732.3,366.8,160.7,84.0,2.6,2666.9
2013,Kerala,Kannur,0.0,35.5,38.0,29.2,97.4,1503.7,1194.4,421.3,321.9,318.8,50.0,12.2,4022.4
2014,Kerala,Kannur,2.3,8.4,0.0,23.2,253.4,634.2,1027.2,876.0,325.0,256.8,97.4,29.6,3533.5
2015,Kerala,Kannur,5.0,0.0,12.3,93.9,172.5,696.6,803.0,352.9,317.2,331.5,167.3,28.6,2980.8
2003,Kerala,Eranakulam,0.0,46.0,71.7,142.8,143.8,542.4,593.1,406.8,101.9,447.5,70.0,26.0,2592.0
2004,Kerala,Eranakulam,2.5,8.4,36.9,87.0,711.6,650.0,424.4,424.6,215.1,507.2,136.0,0.0,3203.7
2005,Kerala,Eranakulam,52.0,1.0,8.0,138.0,389.0,750.0,614.0,382.0,402.0,298.0,138.0,49.0,3221.0
2006,Kerala,Eranakulam,23.0,25.0,42.0,43.0,629.0,654.0,584.0,498.0,506.0,478.0,395.0,3.0,3880.0
2007,Kerala,Eranakulam,2.0,1.0,9.0,147.5,193.5,815.0,1132.8,480.1,667.3,522.1,66.1,9.8,4046.2
2008,Kerala,Eranakulam,3.0,30.8,319.6,129.1,137.7,455.1,539.0,326.2,555.1,304.3,37.4,36.9,2874.2
2009,Kerala,Eranakulam,10.4,0.0,9.2,89.5,315.7,615.1,834.0,312.2,497.7,176.6,290.0,70.1,3220.5
2010,Kerala,Eranakulam,9.8,0.0,30.5,233.8,239.9,849.9,690.5,356.5,456.9,623.0,517.5,63.2,4071.5
2011,Kerala,Eranakulam,26.4,98.2,37.3,17.0,241.0,897.3,605.4,605.5,527.8,156.5,124.7,34.3,3371.4
2012,Kerala,Eranakulam,7.1,18.0,43.0,401.8,100.9,414.1,370.9,494.7,274.6,299.4,176.0,9.7,2610.2
2013,Kerala,Eranakulam,6.3,65.3,48.8,37.8,151.0,1258.7,826.5,374.7,314.2,318.7,211.0,45.2,3658.2
2014,Kerala,Eranakulam,0.0,11.1,22.4,90.7,287.9,550.1,650.2,877.0,298.8,434.8,118.5,94.0,3435.5
2015,Kerala,Eranakulam,2.4,0.5,37.2,229.3,176.2,573.9,367.2,241.2,393.8,355.0,332.5,182.3,2891.5
2003,Kerala,Kottayam,2.0,58.6,178.4,156.5,118.7,511.1,507.7,463.0,76.7,528.9,171.0,6.0,2778.6
2004,Kerala,Kottayam,11.8,10.0,89.0,183.7,720.5,465.8,377.8,301.6,234.9,408.3,109.0,1.0,2913.4
2005,Kerala,Kottayam,21.0,9.0,74.0,140.0,270.0,683.0,614.0,330.0,272.0,368.0,196.0,62.0,3039.0
2006,Kerala,Kottayam,24.0,25.0,63.0,201.0,540.0,525.0,605.0,408.0,453.0,510.0,368.0,3.0,3725.0
2007,Kerala,Kottayam,0.0,24.0,6.0,268.1,250.0,637.2,921.1,326.4,521.6,378.9,147.9,9.5,3490.7
2008,Kerala,Kottayam,0.0,49.4,253.7,202.8,50.4,341.6,555.4,268.6,370.5,284.0,103.8,53.6,2533.8
2009,Kerala,Kottayam,7.5,1.8,6.1,69.9,204.9,460.0,553.2,225.6,281.1,188.6,278.7,86.4,2363.8
2010,Kerala,Kottayam,9.6,1.4,96.7,201.5,354.1,664.7,568.9,294.4,366.9,559.3,456.0,97.9,3671.4
2011,Kerala,Kottayam,35.3,63.4,59.1,176.8,266.5,860.1,536.1,453.6,381.5,180.3,178.1,98.3,3289.1
2012,Kerala,Kottayam,30.8,14.8,66.5,284.3,80.9,338.1,352.8,483.7,223.1,262.5,156.9,4.3,2298.7
2013,Kerala,Kottayam,7.9,31.0,118.2,88.7,169.9,1124.9,754.3,405.2,296.8,347.3,244.8,16.6,3605.6
2014,Kerala,Kottayam,11.1,18.7,45.2,145.3,303.6,496.8,490.9,805.1,313.4,468.4,156.5,94.8,3349.8
2015,Kerala,Kottayam,9.1,4.4,131.7,301.7,239.9,615.5,306.8,293.1,374.1,402.9,203.0,122.0,3004.2
2003,Kerala,Kozhikode,5.0,26.7,5.2,117.0,68.6,792.8,613.1,224.8,142.0,231.0,47.0,0.0,2273.2
2004,Kerala,Kozhikode,0.9,0.1,1.0,84.9,732.7,935.0,388.0,467.1,279.3,349.2,110.0,0.0,3348.2
2005,Kerala,Kozhikode,17.0,5.0,0.0,87.0,262.0,824.0,857.0,440.0,220.0,263.0,157.0,31.0,3163.0
2006,Kerala,Kozhikode,12.0,8.0,24.0,10.0,601.0,937.0,629.0,507.0,656.0,296.0,97.0,0.0,3777.0
2007,Kerala,Kozhikode,0.0,0.0,4.0,137.5,424.8,952.7,1212.4,723.1,699.1,438.8,108.8,0.0,4701.2
2008,Kerala,Kozhikode,0.0,1.8,267.8,134.4,69.6,821.1,577.8,343.1,478.6,614.0,14.0,6.1,3328.3
2009,Kerala,Kozhikode,0.0,0.0,4.1,63.1,179.1,608.4,1817.4,301.1,338.6,321.3,335.1,22.7,3990.9
2010,Kerala,Kozhikode,7.1,0.3,0.0,143.3,249.9,1094.5,897.8,368.9,323.1,495.0,280.0,13.9,3873.8
2011,Kerala,Kozhikode,0.0,0.0,1.1,121.4,100.5,1193.1,840.1,682.1,609.5,206.5,213.1,5.3,3972.7
2012,Kerala,Kozhikode,0.3,9.1,0.8,113.5,41.3,884.5,451.3,625.8,429.1,214.3,159.8,0.0,2929.8
2013,Kerala,Kozhikode,1.3,41.8,38.8,21.8,193.9,1426.1,1113.9,391.6,235.0,269.0,96.6,13.8,3843.6
2014,Kerala,Kozhikode,0.0,0.0,0.8,90.7,254.4,508.2,1068.2,879.0,318.3,331.6,105.6,9.3,3566.1
2015,Kerala,Kozhikode,0.0,0.0,35.3,90.5,189.5,667.9,780.5,256.9,290.1,351.3,199.3,8.8,2870.1
2003,Kerala,Malappuram,0.0,32.6,46.8,155.1,83.8,637.2,547.8,260.0,72.3,295.7,73.0,1.0,2205.3
2004,Kerala,Malappuram,0.0,0.0,0.4,126.6,552.1,674.8,331.4,379.3,153.4,320.8,87.0,0.0,2625.8
2005,Kerala,Malappuram,18.0,0.0,0.0,62.0,158.0,637.0,637.0,433.0,166.0,281.0,133.0,29.0,2554.0
2006,Kerala,Malappuram,7.0,6.0,11.0,22.0,492.0,666.0,546.0,408.0,617.0,333.0,199.0,0.0,3307.0
2007,Kerala,Malappuram,0.1,0.0,10.0,55.0,192.1,695.1,1223.8,435.0,560.7,279.6,74.5,2.5,3528.4
2008,Kerala,Malappuram,0.0,17.6,207.2,32.5,115.0,536.1,371.0,219.0,281.8,347.8,16.6,0.2,2144.8
2009,Kerala,Malappuram,0.0,0.0,7.0,46.4,143.3,337.9,993.4,243.1,256.6,200.1,257.5,12.5,2497.8
2010,Kerala,Malappuram,1.4,0.0,0.5,92.7,118.9,654.5,522.9,302.9,236.0,416.4,252.3,20.0,2618.5
2011,Kerala,Malappuram,10.9,18.1,11.5,143.6,59.3,925.3,467.6,484.5,402.2,285.3,130.6,2.0,2940.9
2012,Kerala,Malappuram,0.0,2.1,0.9,171.3,31.0,495.3,420.3,440.3,203.0,142.0,70.8,9.0,1986.0
2013,Kerala,Malappuram,0.0,7.7,28.2,8.5,104.8,1066.1,911.5,351.7,348.4,200.8,175.3,11.9,3214.9
2014,Kerala,Malappuram,1.1,0.5,0.0,49.8,236.4,542.1,856.8,615.9,297.4,371.1,121.3,40.7,3133.1
2015,Kerala,Malappuram,0.0,0.0,37.2,167.0,187.2,593.8,411.5,264.0,266.8,291.8,232.0,36.3,2487.6
2003,Kerala,Palakkad,0.0,64.1,88.2,124.1,44.4,362.4,342.9,238.2,56.6,364.6,37.0,6.0,1728.5
2004,Kerala,Palakkad,1.0,2.6,28.8,80.9,389.4,590.4,331.9,401.7,95.1,217.5,86.0,0.0,2225.3
2005,Kerala,Palakkad,14.0,8.0,13.0,81.0,164.0,498.0,546.0,421.0,191.0,251.0,137.0,29.0,2353.0
2006,Kerala,Palakkad,9.0,9.0,27.0,65.0,404.0,502.0,458.0,348.0,414.0,245.0,148.0,0.0,2629.0
2007,Kerala,Palakkad,1.0,0.0,0.0,101.4,158.9,625.4,1032.6,478.0,507.3,310.3,32.6,19.2,3266.7
2008,Kerala,Palakkad,0.0,26.6,153.9,28.6,41.2,445.6,359.0,214.1,241.9,364.1,8.6,0.1,1883.7
2009,Kerala,Palakkad,0.0,0.0,0.0,58.0,138.8,282.0,985.0,262.3,250.6,176.1,248.7,14.8,2416.3
2010,Kerala,Palakkad,1.9,0.0,10.8,130.8,109.1,545.3,508.4,267.2,180.0,397.9,279.8,24.0,2455.2
2011,Kerala,Palakkad,0.9,61.1,17.4,125.8,68.9,718.1,398.5,421.9,335.5,249.2,204.7,8.6,2610.6
2012,Kerala,Palakkad,0.0,0.0,6.2,141.6,64.4,386.9,297.5,367.0,171.7,197.0,61.6,4.0,1697.9
2013,Kerala,Palakkad,0.0,43.5,34.1,34.4,55.6,729.2,796.8,279.3,283.7,235.2,74.4,4.6,2570.8
2014,Kerala,Palakkad,0.0,3.1,5.2,36.4,190.8,314.0,602.2,561.4,230.6,282.5,40.2,12.1,2278.5
2015,Kerala,Palakkad,0.0,2.0,27.1,184.2,245.6,455.2,281.8,219.2,199.3,141.8,185.8,43.2,1985.2
2003,Kerala,Kollam,1.3,50.4,102.5,166.2,105.0,334.6,296.8,238.9,66.3,510.5,89.0,62.0,2023.5
2004,Kerala,Kollam,2.3,56.6,47.9,151.8,613.8,405.9,303.3,207.1,211.6,281.4,161.0,4.0,2446.7
2005,Kerala,Kollam,26.0,17.0,31.0,226.0,380.0,540.0,395.0,253.0,202.0,340.0,250.0,36.0,2696.0
2006,Kerala,Kollam,15.0,24.0,68.0,96.0,351.0,307.0,377.0,254.0,383.0,575.0,306.0,5.0,2761.0
2007,Kerala,Kollam,0.0,12.0,40.0,185.9,161.3,499.0,574.1,263.1,408.1,445.0,128.8,26.0,2743.3
2008,Kerala,Kollam,0.0,41.0,224.9,137.6,120.8,207.1,454.8,265.1,247.0,360.8,122.7,25.6,2207.4
2009,Kerala,Kollam,2.2,3.0,39.7,121.9,136.4,272.3,369.9,185.5,272.9,325.9,317.0,15.7,2062.4
2010,Kerala,Kollam,11.5,0.0,59.1,221.1,203.5,357.0,362.3,304.8,258.3,527.6,388.4,95.0,2788.6
2011,Kerala,Kollam,57.1,98.6,46.7,177.4,148.2,417.3,283.0,219.6,242.2,233.7,268.4,100.9,2293.1
2012,Kerala,Kollam,13.7,20.9,77.4,228.6,145.8,167.5,210.6,272.6,149.8,240.2,111.1,17.4,1655.6
2013,Kerala,Kollam,10.3,58.0,49.2,90.2,159.6,749.5,449.0,205.3,373.6,290.9,213.8,39.5,2688.9
2014,Kerala,Kollam,0.5,15.7,51.4,151.7,290.8,283.5,287.9,591.5,260.0,386.6,151.7,40.1,2511.4
2015,Kerala,Kollam,7.7,32.9,34.6,279.0,226.4,411.7,185.0,141.1,255.8,386.0,307.6,68.6,2336.4
2003,Kerala,Thrissur,0.0,131.3,35.9,83.5,38.3,536.7,552.4,334.4,127.8,360.0,48.0,0.0,2248.3
2004,Kerala,Thrissur,0.0,0.6,16.9,73.9,596.1,752.3,362.3,399.8,157.3,450.5,118.0,0.0,2927.7
2005,Kerala,Thrissur,9.0,3.0,0.0,76.0,238.0,792.0,752.0,451.0,257.0,312.0,156.0,26.0,3072.0
2006,Kerala,Thrissur,7.0,6.0,24.0,61.0,620.0,644.0,554.0,517.0,509.0,372.0,177.0,1.0,3492.0
2007,Kerala,Thrissur,0.0,0.0,0.0,106.0,240.8,783.2,1170.2,533.3,660.3,413.3,48.6,4.5,3960.2
2008,Kerala,Thrissur,0.0,21.0,218.1,45.7,59.8,523.4,437.7,260.2,345.5,384.7,9.0,5.0,2310.1
2009,Kerala,Thrissur,0.0,0.0,0.0,53.9,289.4,586.1,972.0,385.1,361.3,156.9,206.3,30.0,3041.0
2010,Kerala,Thrissur,18.4,0.0,9.3,74.7,197.4,775.8,601.5,236.6,308.0,561.6,332.6,20.5,3136.4
2011,Kerala,Thrissur,0.0,30.6,12.4,85.7,162.0,825.6,537.6,584.6,479.7,247.3,173.1,4.0,3142.6
2012,Kerala,Thrissur,1.8,0.1,9.3,185.4,129.8,598.1,337.3,543.5,260.7,192.4,89.3,13.7,2361.4
2013,Kerala,Thrissur,0.8,46.0,29.8,9.9,129.6,1066.0,778.5,336.6,274.9,402.6,105.4,3.9,3184.0
2014,Kerala,Thrissur,0.0,5.9,3.2,47.7,250.0,455.6,560.0,672.2,259.9,407.9,94.1,21.1,2777.6
2015,Kerala,Thrissur,0.9,0.0,38.4,139.5,188.4,622.1,463.2,277.5,314.3,274.4,183.3,91.9,2593.9
2003,Kerala,Thiruvananthapuram,2.9,45.1,65.4,141.0,112.5,245.3,181.0,119.3,23.8,457.6,170.0,3.0,1566.9
2004,Kerala,Thiruvananthapuram,0.0,7.3,31.4,141.8,429.7,298.5,266.7,108.0,218.7,225.4,169.0,15.0,1911.5
2005,Kerala,Thiruvananthapuram,5.0,9.0,28.0,129.0,227.0,370.0,251.0,142.0,168.0,297.0,203.0,74.0,1903.0
2006,Kerala,Thiruvananthapuram,23.0,24.0,47.0,81.0,279.0,239.0,190.0,123.0,474.0,521.0,297.0,14.0,2312.0
2007,Kerala,Thiruvananthapuram,0.3,2.0,4.0,214.3,167.2,348.7,306.6,177.2,279.1,327.8,213.8,11.7,2052.7
2008,Kerala,Thiruvananthapuram,0.0,24.6,276.0,158.3,89.8,116.3,286.0,180.6,202.6,363.9,195.2,38.2,1931.5
2009,Kerala,Thiruvananthapuram,5.0,0.0,3.5,44.6,206.9,183.3,204.3,87.3,183.3,119.4,346.3,42.5,1426.4
2010,Kerala,Thiruvananthapuram,108.3,0.0,73.1,109.4,216.7,237.0,234.9,118.7,114.1,414.4,326.0,188.3,2140.9
2011,Kerala,Thiruvananthapuram,43.6,73.6,15.0,157.1,92.9,272.0,97.6,84.4,131.5,141.4,240.4,168.8,1518.3
2012,Kerala,Thiruvananthapuram,14.4,35.1,26.1,164.7,88.7,99.1,146.2,169.7,77.7,159.3,140.7,32.7,1154.4
2013,Kerala,Thiruvananthapuram,10.5,63.1,46.8,31.7,120.9,525.3,247.9,115.8,219.7,155.9,273.9,33.6,1845.1
2014,Kerala,Thiruvananthapuram,45.8,13.1,35.1,136.4,272.6,142.4,118.7,458.6,189.4,288.3,128.6,83.0,1912.0
2015,Kerala,Thiruvananthapuram,9.6,0.4,50.6,257.3,336.8,358.7,60.6,71.4,307.1,367.0,275.8,156.8,2252.1
2003,Orissa,Balasore,0.0,11.8,50.1,26.1,75.4,287.2,339.5,212.9,183.8,537.8,34.3,16.0,1774.9
2004,Orissa,Balasore,0.0,0.0,4.2,36.9,77.8,260.4,326.1,387.7,231.4,266.0,0.0,0.0,1590.5
2005,Orissa,Balasore,15.9,0.0,63.0,71.3,87.5,227.2,403.3,222.0,549.2,431.7,0.0,0.0,2071.1
2006,Orissa,Balasore,0.0,0.0,24.8,27.2,111.8,240.1,369.8,523.8,429.3,24.8,22.2,0.0,1773.8
2007,Orissa,Balasore,5.3,90.8,17.7,37.1,106.2,285.2,471.6,582.3,536.1,59.6,36.4,0.0,2228.3
2008,Orissa,Balasore,67.2,18.1,3.8,22.7,98.4,630.8,263.5,286.7,299.5,10.3,0.0,0.0,1701.0
2009,Orissa,Balasore,0.0,0.0,16.1,3.6,207.1,74.5,387.5,275.0,297.6,201.0,0.0,0.0,1462.4
2010,Orissa,Balasore,0.0,0.0,1.6,1.6,200.6,93.3,253.5,176.7,305.6,198.6,5.8,27.2,1264.5
2011,Orissa,Balasore,0.0,16.0,3.3,32.7,108.9,348.3,112.4,373.8,472.3,19.8,0.0,0.0,1487.5
2012,Orissa,Balasore,70.7,26.1,0.0,105.2,20.8,140.1,171.0,266.1,228.0,39.4,39.3,22.9,1129.6
2013,Orissa,Balasore,0.3,6.6,2.9,87.6,176.9,233.3,238.9,340.8,356.6,746.0,0.0,0.0,2189.9
2014,Orissa,Balasore,0.0,58.7,23.4,22.5,200.4,156.8,445.3,484.4,285.7,125.7,0.0,0.1,1803.0
2015,Orissa,Balasore,32.8,11.3,28.2,91.7,22.9,255.6,457.9,176.3,137.9,26.4,0.2,19.4,1260.6
2003,Orissa,Bolangir,0.0,15.5,1.9,11.5,1.4,90.0,409.5,607.4,379.7,115.6,1.2,36.1,1669.8
2004,Orissa,Bolangir,0.0,15.5,1.9,11.5,12.2,311.6,335.4,248.4,99.1,86.0,0.0,0.0,1121.6
2005,Orissa,Bolangir,53.9,9.0,3.9,0.0,2.8,115.2,423.3,173.9,241.6,118.0,1.1,4.0,1146.7
2006,Orissa,Bolangir,0.0,0.0,34.0,11.0,93.3,143.5,577.3,721.4,114.1,12.2,11.9,0.0,1718.7
2007,Orissa,Bolangir,0.0,11.2,0.0,17.0,23.6,288.6,220.4,355.9,294.7,33.8,0.0,0.0,1245.2
2008,Orissa,Bolangir,8.8,11.9,8.6,22.4,1.9,267.7,335.4,505.1,472.5,6.7,0.0,0.0,1641.0
2009,Orissa,Bolangir,0.0,0.0,0.0,0.0,28.2,88.7,943.7,370.1,129.9,52.1,0.0,0.0,1612.7
2010,Orissa,Bolangir,9.1,0.0,0.5,1.4,44.7,69.3,370.7,252.7,269.1,52.3,17.8,26.9,1114.5
2011,Orissa,Bolangir,1.1,8.4,3.9,38.5,19.1,105.5,198.9,347.5,415.9,5.9,0.0,0.0,1144.7
2012,Orissa,Bolangir,21.0,0.0,0.8,5.7,4.4,223.3,240.3,317.1,261.8,47.8,7.7,0.0,1129.9
2013,Orissa,Bolangir,1.3,4.3,0.9,47.2,20.0,189.3,437.2,247.5,164.4,195.2,0.0,0.0,1307.3
2014,Orissa,Bolangir,0.0,3.8,7.1,8.6,139.3,61.1,480.1,295.7,206.2,25.1,0.0,0.0,1227.0
2015,Orissa,Bolangir,16.5,0.8,5.7,38.7,10.1,174.9,235.6,234.9,212.5,2.6,0.0,9.0,941.3
2003,Orissa,Cuttack,0.0,19.2,20.5,1.0,25.6,197.0,370.8,436.1,214.3,436.7,36.6,19.1,1776.9
2004,Orissa,Cuttack,2.5,7.0,2.8,62.6,35.6,126.7,309.1,359.7,208.7,284.2,0.0,0.0,1398.9
2005,Orissa,Cuttack,21.5,0.0,58.1,45.4,54.9,162.2,614.2,240.2,524.0,290.6,0.0,0.1,2011.2
2006,Orissa,Cuttack,2.1,0.0,22.2,11.5,169.1,238.4,438.8,685.0,329.1,26.4,4.8,0.0,1927.4
2007,Orissa,Cuttack,0.0,76.2,11.5,8.4,137.5,254.6,232.7,499.6,630.8,57.3,2.4,0.0,1911.0
2008,Orissa,Cuttack,32.8,9.9,25.1,61.9,78.0,413.9,280.2,428.4,495.8,26.7,0.3,0.0,1853.0
2009,Orissa,Cuttack,0.0,0.0,0.4,1.0,118.0,88.3,712.9,417.5,259.7,243.2,0.0,0.0,1841.0
2010,Orissa,Cuttack,3.2,0.0,4.3,0.1,152.5,221.9,278.5,300.5,170.0,207.1,33.5,18.9,1390.5
2011,Orissa,Cuttack,23.1,48.2,3.7,21.9,132.0,274.5,227.0,416.2,338.0,13.4,0.0,4.0,1502.0
2012,Orissa,Cuttack,79.3,0.0,0.0,77.8,31.8,192.9,491.8,445.7,202.3,106.7,175.5,0.0,1803.8
2013,Orissa,Cuttack,0.1,7.0,1.1,40.1,79.4,216.3,339.2,109.1,232.3,634.0,0.0,0.0,1658.6
2014,Orissa,Cuttack,0.0,21.9,32.7,3.2,136.6,57.3,540.3,398.0,315.2,186.5,0.0,0.0,1691.7
2015,Orissa,Cuttack,18.4,0.0,1.6,43.1,9.4,196.1,310.9,297.6,197.9,42.3,5.5,10.9,1133.7
2003,Orissa,Dhenkanal,0.0,11.6,0.0,12.7,28.1,196.1,324.1,415.4,249.3,333.4,8.1,12.8,1591.6
2004,Orissa,Dhenkanal,3.1,17.9,11.4,30.8,23.1,145.2,331.4,226.4,113.8,143.3,0.0,0.0,1046.4
2005,Orissa,Dhenkanal,22.7,0.0,30.3,15.1,63.2,201.4,678.6,157.2,313.3,251.0,8.4,0.0,1741.2
2006,Orissa,Dhenkanal,0.0,0.0,31.0,27.3,95.6,140.0,273.1,503.4,273.1,34.0,7.1,0.0,1384.6
2007,Orissa,Dhenkanal,0.0,22.4,1.7,6.2,44.4,248.5,241.0,266.8,413.9,39.2,5.9,0.0,1290.0
2008,Orissa,Dhenkanal,73.0,4.0,8.5,16.7,56.8,301.7,275.0,346.9,327.8,18.3,0.0,0.0,1428.7
2009,Orissa,Dhenkanal,0.0,0.0,3.8,0.1,91.6,52.2,761.9,246.8,146.2,164.1,0.0,0.0,1466.7
2010,Orissa,Dhenkanal,0.0,0.0,9.1,14.9,118.3,187.3,212.1,226.6,185.6,121.4,9.5,42.8,1127.6
2011,Orissa,Dhenkanal,11.6,32.5,0.3,28.5,115.9,274.3,167.2,399.0,423.4,36.6,0.0,0.0,1489.3
2012,Orissa,Dhenkanal,112.2,0.0,0.0,56.7,32.0,158.8,347.3,417.0,240.6,85.2,74.7,0.0,1524.5
2013,Orissa,Dhenkanal,1.5,2.5,0.0,45.6,54.2,255.8,416.7,142.4,246.4,454.9,0.0,0.0,1620.0
2014,Orissa,Dhenkanal,0.0,16.5,23.2,6.7,83.9,53.1,542.2,345.4,218.8,98.9,0.0,0.1,1388.8
2015,Orissa,Dhenkanal,11.4,0.0,2.4,71.3,40.9,157.4,354.9,265.1,141.4,29.4,0.0,23.2,1097.4
2003,Orissa,Ganjam,0.0,19.7,3.2,12.7,25.5,68.0,250.2,309.0,165.0,499.3,2.6,41.3,1396.5
2004,Orissa,Ganjam,8.3,19.2,9.7,85.3,16.0,84.0,261.2,173.4,118.6,203.7,0.0,0.0,979.4
2005,Orissa,Ganjam,31.5,0.0,30.3,27.1,25.9,97.9,232.5,163.2,440.3,271.6,38.8,0.0,1359.1
2006,Orissa,Ganjam,0.0,0.0,52.8,24.4,96.6,192.3,384.0,379.8,272.5,45.3,34.9,0.0,1482.6
2007,Orissa,Ganjam,0.0,32.1,20.7,7.6,81.0,270.2,118.9,317.7,352.2,83.0,1.2,0.0,1284.6
2008,Orissa,Ganjam,3.8,11.6,21.5,19.4,61.9,192.3,225.6,275.0,303.4,27.5,19.9,0.0,1161.9
2009,Orissa,Ganjam,0.0,0.0,8.6,7.3,81.1,99.5,476.9,207.1,129.0,164.8,0.0,0.0,1174.3
2010,Orissa,Ganjam,59.9,0.0,0.0,0.0,121.5,169.1,134.8,350.0,198.9,233.3,136.2,73.1,1476.8
2011,Orissa,Ganjam,2.2,19.1,0.2,56.8,63.1,112.8,176.9,298.9,150.0,33.6,0.0,0.2,913.8
2012,Orissa,Ganjam,53.2,1.0,0.6,57.0,36.9,88.6,291.8,229.2,183.6,80.9,273.1,0.0,1295.9
2013,Orissa,Ganjam,0.1,8.1,0.5,63.7,15.7,206.2,320.4,160.2,272.1,772.0,2.3,0.0,1821.3
2014,Orissa,Ganjam,0.0,3.2,33.6,12.2,79.6,55.0,360.9,287.7,321.9,174.9,0.0,4.2,1333.2
2015,Orissa,Ganjam,42.8,1.4,15.6,50.4,7.5,186.2,148.1,166.0,303.6,41.3,30.9,22.3,1016.1
2003,Orissa,Kalahandi,0.0,2.8,11.2,7.8,1.9,113.5,496.8,786.2,494.7,181.0,0.0,37.4,2133.3
2004,Orissa,Kalahandi,12.3,5.1,5.1,28.9,23.8,451.5,412.0,503.8,166.1,134.9,0.0,0.0,1743.5
2005,Orissa,Kalahandi,39.3,6.4,1.2,3.9,19.9,226.5,356.5,231.1,463.1,50.2,0.0,0.0,1398.1
2006,Orissa,Kalahandi,0.0,0.0,35.2,16.8,78.6,154.8,816.6,819.8,305.0,9.6,7.9,0.0,2244.3
2007,Orissa,Kalahandi,0.0,0.0,0.0,0.4,52.2,410.0,229.4,638.2,338.2,83.9,0.0,0.0,1752.3
2008,Orissa,Kalahandi,21.7,2.5,2.6,1.5,0.0,348.9,304.2,733.7,455.4,14.9,0.0,0.0,1885.4
2009,Orissa,Kalahandi,0.0,0.0,1.5,0.0,4.8,99.4,881.1,362.4,120.7,48.2,0.0,0.0,1518.1
2010,Orissa,Kalahandi,4.3,0.0,0.0,9.6,99.5,98.3,449.0,378.9,291.1,170.7,10.0,29.8,1541.2
2011,Orissa,Kalahandi,0.0,15.3,0.0,44.3,41.8,182.2,148.7,412.1,324.4,5.2,0.0,0.0,1174.0
2012,Orissa,Kalahandi,22.9,4.5,3.7,16.0,6.8,203.2,350.0,330.7,285.3,50.2,21.3,0.0,1294.6
2013,Orissa,Kalahandi,11.7,6.6,0.0,31.4,41.1,505.9,347.0,247.0,162.2,224.8,0.0,0.0,1577.7
2014,Orissa,Kalahandi,0.0,8.6,10.4,2.5,183.4,61.9,564.6,354.4,318.3,34.3,0.9,0.0,1539.3
2015,Orissa,Kalahandi,16.5,0.0,6.4,57.4,31.9,226.7,250.5,234.2,345.3,3.3,0.6,8.3,1181.1
2003,Orissa,Keonjhar,0.0,25.7,37.5,41.0,66.5,205.3,314.7,208.1,160.7,297.2,16.7,11.9,1385.3
2004,Orissa,Keonjhar,1.0,4.5,1.8,61.0,33.1,177.3,260.0,317.1,135.8,101.7,0.0,0.0,1093.3
2005,Orissa,Keonjhar,15.0,1.5,25.9,39.7,88.7,342.0,443.9,157.0,249.3,252.3,0.4,2.9,1618.6
2006,Orissa,Keonjhar,0.0,0.0,10.2,28.7,161.9,188.2,300.9,510.1,282.6,43.0,25.6,0.0,1551.2
2007,Orissa,Keonjhar,3.1,90.1,25.1,42.4,88.9,288.4,454.9,436.8,396.6,27.5,66.6,0.0,1920.4
2008,Orissa,Keonjhar,60.3,0.6,2.8,23.9,70.1,545.4,332.4,268.0,332.7,10.1,1.5,0.0,1647.8
2009,Orissa,Keonjhar,0.2,0.0,6.4,2.0,145.4,84.4,461.2,307.9,151.3,162.9,0.0,0.0,1321.7
2010,Orissa,Keonjhar,0.0,0.0,15.8,26.3,124.0,164.6,271.3,235.5,228.4,103.0,7.8,36.7,1213.4
2011,Orissa,Keonjhar,0.0,29.8,12.0,87.8,163.1,358.8,264.5,385.1,567.0,41.6,0.0,0.0,1909.7
2012,Orissa,Keonjhar,109.9,3.4,0.0,49.7,31.5,160.6,233.3,382.2,275.5,78.1,50.0,3.5,1377.7
2013,Orissa,Keonjhar,10.7,9.9,4.6,49.5,101.1,261.5,376.8,262.8,236.0,381.9,0.1,0.0,1694.9
2014,Orissa,Keonjhar,0.0,34.5,33.9,22.6,62.2,137.7,450.4,346.2,146.2,102.1,0.0,0.5,1336.3
2015,Orissa,Keonjhar,12.0,15.2,12.0,62.0,54.3,219.4,327.8,167.7,115.5,34.5,0.0,28.6,1049.0
2003,Orissa,Koraput,0.0,0.0,30.8,41.8,0.0,68.4,411.6,444.2,190.7,186.2,0.0,53.2,1426.9
2004,Orissa,Koraput,20.7,0.0,3.8,24.3,48.3,329.7,331.5,329.4,158.0,144.0,12.1,0.0,1401.8
2005,Orissa,Koraput,5.4,0.0,0.0,6.3,17.1,195.0,268.3,249.2,385.4,188.7,29.6,0.0,1345.0
2006,Orissa,Koraput,0.0,0.0,19.0,85.0,114.0,183.5,488.9,654.9,346.6,48.9,11.6,0.0,1952.4
2007,Orissa,Koraput,0.0,0.0,0.0,31.1,37.5,847.3,281.7,520.0,441.5,189.3,2.7,0.0,2351.1
2008,Orissa,Koraput,0.0,0.6,44.0,18.4,17.6,197.6,229.4,427.3,313.0,48.3,2.6,0.0,1298.8
2009,Orissa,Koraput,0.0,0.0,2.7,3.4,53.8,100.2,491.8,318.8,142.3,150.7,0.0,0.0,1263.7
2010,Orissa,Koraput,0.0,0.0,0.0,0.0,70.0,102.6,390.1,326.4,383.6,148.2,82.2,30.2,1533.3
2011,Orissa,Koraput,3.7,5.3,1.5,72.5,51.8,146.8,224.2,308.3,364.8,12.3,0.0,6.7,1197.9
2012,Orissa,Koraput,28.8,3.5,3.8,69.2,28.1,98.4,381.2,562.5,259.2,28.1,102.5,0.0,1565.3
2013,Orissa,Koraput,0.0,13.9,0.9,98.4,10.5,478.4,349.1,322.5,151.1,207.1,8.7,0.0,1640.6
2014,Orissa,Koraput,0.0,6.1,43.4,9.9,111.9,139.5,592.3,427.7,256.7,209.2,4.3,4.6,1805.6
2015,Orissa,Koraput,3.7,0.8,19.6,82.1,59.7,323.7,104.7,318.1,568.2,36.3,15.0,4.2,1536.1
2003,Orissa,Mayurbhanja,0.0,20.1,47.4,36.8,69.8,257.0,279.9,214.9,147.3,311.5,17.5,11.2,1413.4
2004,Orissa,Mayurbhanja,0.0,3.8,9.6,75.2,49.8,208.4,213.3,393.7,185.2,155.2,0.0,0.0,1294.2
2005,Orissa,Mayurbhanja,13.8,9.6,74.3,45.7,87.8,249.6,363.9,199.2,318.4,300.9,1.0,6.3,1670.5
2006,Orissa,Mayurbhanja,0.4,0.0,18.0,10.3,181.4,261.7,400.6,565.8,335.9,23.8,23.4,0.0,1821.3
2007,Orissa,Mayurbhanja,5.8,59.1,26.4,48.6,95.7,243.0,554.2,441.0,465.8,29.2,57.6,0.0,2026.4
2008,Orissa,Mayurbhanja,51.7,0.9,25.4,42.3,97.2,666.8,295.1,278.8,281.0,20.2,3.6,0.0,1763.0
2009,Orissa,Mayurbhanja,0.0,0.0,12.7,0.8,193.5,95.1,403.1,250.1,276.9,172.8,0.0,0.0,1405.0
2010,Orissa,Mayurbhanja,0.0,0.5,9.5,18.0,128.4,134.3,189.0,158.2,236.7,85.5,7.8,27.7,995.6
2011,Orissa,Mayurbhanja,3.3,11.1,23.3,108.8,137.5,417.7,130.5,369.7,449.8,17.7,0.0,0.0,1669.4
2012,Orissa,Mayurbhanja,70.1,17.3,0.0,78.5,49.9,157.7,272.5,331.2,264.6,65.5,26.2,18.8,1352.3
2013,Orissa,Mayurbhanja,1.9,9.7,4.2,88.0,200.3,216.6,454.5,365.5,308.4,624.8,0.0,0.0,2273.9
2014,Orissa,Mayurbhanja,0.0,44.1,35.2,30.8,152.3,170.3,451.7,431.6,237.4,107.7,0.0,0.3,1661.4
2015,Orissa,Mayurbhanja,20.0,2.3,25.7,122.6,67.7,249.3,480.0,207.2,118.4,21.9,0.0,27.3,1342.4
2003,Orissa,Phulbani ( Kandhamal ),0.0,35.2,37.4,80.4,30.1,153.7,434.2,543.6,415.3,331.3,14.3,48.7,2124.2
2004,Orissa,Phulbani ( Kandhamal ),17.0,22.7,8.2,86.4,31.5,260.8,402.9,288.2,219.7,207.8,0.0,0.0,1545.2
2005,Orissa,Phulbani ( Kandhamal ),33.8,2.3,19.2,28.6,73.7,186.5,463.6,142.9,643.6,341.2,13.1,0.0,1948.5
2006,Orissa,Phulbani ( Kandhamal ),0.0,0.0,36.1,15.2,113.7,249.8,634.9,1030.0,260.0,6.9,23.2,0.0,2369.8
2007,Orissa,Phulbani ( Kandhamal ),0.0,12.4,1.8,20.1,106.1,454.4,198.6,507.0,456.8,42.6,10.2,0.0,1810.0
2008,Orissa,Phulbani ( Kandhamal ),58.3,8.9,38.5,58.3,25.6,225.7,238.9,433.0,550.7,47.0,1.3,0.0,1686.2
2009,Orissa,Phulbani ( Kandhamal ),0.0,0.0,0.2,0.0,51.2,115.3,878.9,274.4,232.5,108.6,0.0,0.0,1661.1
2010,Orissa,Phulbani ( Kandhamal ),22.4,0.0,13.3,10.7,127.2,138.1,354.8,294.4,340.6,143.3,46.4,42.1,1533.3
2011,Orissa,Phulbani ( Kandhamal ),13.6,14.3,10.7,87.4,68.6,228.4,202.8,388.1,286.9,40.0,0.0,0.0,1340.8
2012,Orissa,Phulbani ( Kandhamal ),77.1,23.5,0.0,76.7,32.0,223.8,300.5,458.4,249.2,80.8,75.8,0.0,1597.8
2013,Orissa,Phulbani ( Kandhamal ),0.2,5.3,0.0,54.2,31.6,235.9,428.6,222.9,180.0,405.9,0.0,0.0,1564.6
2014,Orissa,Phulbani ( Kandhamal ),0.0,14.6,4.8,10.9,107.1,36.9,534.6,306.4,327.8,168.8,0.0,0.7,1512.6
2015,Orissa,Phulbani ( Kandhamal ),20.0,7.8,9.3,74.9,23.1,159.5,183.6,203.1,228.0,3.0,0.0,21.5,933.8
2003,Orissa,Puri,0.0,0.0,6.1,0.0,9.5,136.1,246.2,377.1,203.3,454.2,8.2,25.3,1466.0
2004,Orissa,Puri,0.0,6.2,0.0,63.1,25.8,79.5,259.9,247.6,147.0,214.9,0.0,0.0,1044.0
2005,Orissa,Puri,4.8,0.0,50.7,6.2,22.7,100.7,333.6,191.1,431.5,374.5,11.7,0.0,1527.5
2006,Orissa,Puri,2.1,0.0,13.2,5.0,87.3,154.3,498.2,826.5,241.8,51.2,53.1,0.0,1932.7
2007,Orissa,Puri,0.0,71.2,13.7,0.5,75.5,230.5,117.4,429.4,389.3,115.1,11.1,0.0,1453.7
2008,Orissa,Puri,24.1,16.9,3.5,66.0,22.4,298.6,334.3,311.8,267.4,48.6,25.9,0.0,1419.5
2009,Orissa,Puri,0.0,0.0,0.0,5.4,120.6,74.2,639.4,245.3,266.6,155.6,0.0,0.0,1507.1
2010,Orissa,Puri,0.0,2.6,0.0,0.0,141.8,124.8,162.0,358.4,253.1,283.4,123.5,63.5,1513.1
2011,Orissa,Puri,0.0,1.4,0.0,8.4,100.6,166.5,237.5,272.2,261.2,4.0,0.0,0.0,1051.8
2012,Orissa,Puri,6.7,0.1,0.0,49.9,19.2,171.7,262.0,287.8,206.6,94.0,177.1,0.0,1275.1
2013,Orissa,Puri,0.1,1.7,0.0,18.0,53.1,205.3,270.2,222.2,183.8,586.2,0.0,0.0,1540.6
2014,Orissa,Puri,0.0,1.3,20.4,0.5,100.6,71.7,528.6,258.5,389.6,101.5,0.0,3.9,1476.6
2015,Orissa,Puri,66.3,3.1,0.9,87.6,2.9,99.9,219.5,284.8,186.3,30.1,42.8,33.0,1057.2
2003,Orissa,Sambalpur,0.0,14.8,3.9,18.2,3.0,312.0,340.3,414.5,371.0,159.7,18.6,24.8,1680.8
2004,Orissa,Sambalpur,3.9,3.9,9.7,41.9,0.2,116.0,387.6,540.8,144.2,69.3,0.0,0.0,1317.5
2005,Orissa,Sambalpur,58.2,8.0,12.9,0.8,36.5,287.3,625.3,295.7,151.5,163.0,4.5,54.3,1698.0
2006,Orissa,Sambalpur,0.0,0.0,51.2,12.9,82.3,132.5,449.5,839.6,164.5,43.5,14.7,0.0,1790.7
2007,Orissa,Sambalpur,0.0,66.5,2.0,10.5,24.1,263.7,345.8,395.6,431.5,31.4,10.0,0.0,1581.1
2008,Orissa,Sambalpur,35.6,14.5,7.5,8.5,11.5,410.6,494.5,505.0,374.9,16.3,0.1,0.0,1879.0
2009,Orissa,Sambalpur,0.0,0.0,0.0,0.9,51.1,53.3,545.9,327.3,120.6,78.4,0.0,0.0,1177.5
2010,Orissa,Sambalpur,1.9,2.8,0.0,0.0,21.3,193.9,293.9,229.5,146.7,48.2,4.7,35.5,978.4
2011,Orissa,Sambalpur,0.0,8.5,0.0,17.9,42.2,185.7,344.7,346.5,674.8,19.0,0.0,0.0,1639.3
2012,Orissa,Sambalpur,102.0,11.0,0.0,13.7,3.2,235.8,429.6,743.8,282.9,94.3,46.2,2.2,1964.7
2013,Orissa,Sambalpur,7.1,10.7,1.9,31.5,14.2,191.8,495.5,254.8,155.1,248.1,0.0,0.0,1410.7
2014,Orissa,Sambalpur,0.0,25.6,13.3,0.8,28.3,65.0,419.8,634.4,329.7,46.2,0.0,1.5,1564.6
2015,Orissa,Sambalpur,5.8,3.6,7.4,52.6,2.5,248.8,463.3,331.6,136.6,5.5,0.0,14.7,1272.4
2003,Orissa,Sundargarh,0.0,6.6,0.0,0.0,6.4,258.2,254.3,302.1,265.8,204.2,18.4,11.8,1327.8
2004,Orissa,Sundargarh,4.2,1.9,0.4,12.7,0.9,120.2,327.0,487.7,126.2,65.8,0.3,0.0,1147.3
2005,Orissa,Sundargarh,25.3,6.4,6.6,1.9,26.0,349.9,317.5,207.0,155.7,119.7,0.0,26.0,1242.0
2006,Orissa,Sundargarh,0.0,0.0,13.8,4.6,118.0,106.4,435.9,381.0,131.9,21.7,0.5,0.0,1213.8
2007,Orissa,Sundargarh,3.3,57.5,3.8,11.3,30.5,185.0,454.0,583.8,240.0,22.7,59.9,0.0,1651.8
2008,Orissa,Sundargarh,8.6,1.6,4.8,8.5,12.9,392.6,423.6,379.5,249.0,15.1,0.0,0.0,1496.2
2009,Orissa,Sundargarh,0.0,0.0,0.8,0.9,71.0,90.1,448.6,305.7,120.7,89.1,0.0,0.0,1126.9
2010,Orissa,Sundargarh,3.1,3.6,0.9,3.9,36.3,155.6,250.7,252.0,149.2,42.2,8.3,39.8,945.6
2011,Orissa,Sundargarh,6.8,13.4,4.0,54.2,49.9,176.3,270.5,379.9,599.9,25.8,0.0,0.0,1580.7
2012,Orissa,Sundargarh,37.7,24.2,0.0,32.3,1.4,201.3,304.0,572.2,252.8,47.2,33.9,11.2,1518.2
2013,Orissa,Sundargarh,6.7,10.2,3.7,54.7,27.6,169.4,455.4,377.9,188.7,209.9,0.0,0.0,1504.2
2014,Orissa,Sundargarh,0.2,9.1,14.0,1.3,47.1,95.0,420.4,410.8,210.0,37.0,0.0,0.2,1245.1
2015,Orissa,Sundargarh,10.7,0.4,8.4,17.9,22.8,195.5,493.9,337.0,140.5,9.3,0.0,13.8,1250.2
2003,West Bengal,24 Parganas,0.0,10.0,84.5,22.5,115.5,271.5,269.0,201.5,161.5,378.0,5.5,0.0,1519.5
2004,West Bengal,24 Parganas,-1.0,-1.0,3.5,64.0,49.0,275.0,261.0,372.0,235.0,240.0,0.0,0.0,1499.5
2005,West Bengal,24 Parganas,-1.0,-1.0,107.5,31.0,68.5,172.5,433.5,244.0,201.5,432.5,0.0,0.0,1691.0
2006,West Bengal,24 Parganas,0.0,0.0,7.0,46.5,110.5,141.0,530.5,292.0,447.5,28.0,1.0,0.0,1604.0
2007,West Bengal,24 Parganas,3.0,57.7,14.1,50.3,141.0,257.1,581.9,293.7,455.7,78.4,68.4,0.0,2001.0
2008,West Bengal,24 Parganas,79.4,25.0,18.5,50.3,134.7,319.2,275.6,213.0,299.8,138.5,0.0,0.0,1553.7
2009,West Bengal,24 Parganas,7.7,2.8,25.7,3.0,224.7,95.7,292.4,309.7,308.1,77.7,27.3,0.0,1374.7
2010,West Bengal,24 Parganas,7.7,8.6,3.4,18.1,151.3,235.7,231.9,233.6,212.5,158.1,4.2,17.3,1282.0
2011,West Bengal,24 Parganas,0.1,1.8,37.6,93.0,119.3,397.7,305.4,556.3,288.1,41.3,0.0,0.0,1840.4
2012,West Bengal,24 Parganas,44.1,16.9,2.8,70.7,65.0,143.7,297.1,269.8,285.9,91.3,47.2,24.1,1358.2
2013,West Bengal,24 Parganas,3.6,8.5,10.7,52.2,208.8,352.2,322.9,496.7,245.5,363.1,0.1,0.0,2064.0
2014,West Bengal,24 Parganas,0.0,37.6,20.1,0.0,151.5,226.1,333.3,307.6,270.4,76.2,0.3,1.8,1424.6
2015,West Bengal,24 Parganas,18.6,3.8,26.1,100.2,34.6,263.1,708.4,337.8,188.3,33.0,1.4,11.3,1726.4
2003,West Bengal,Nadia,0.0,13.0,77.0,22.0,87.0,202.0,211.0,145.0,131.0,272.0,0.0,0.0,1160.0
2004,West Bengal,Nadia,-1.0,-1.0,2.0,87.0,69.0,169.0,130.0,183.0,439.0,127.0,0.0,0.0,1206.0
2005,West Bengal,Nadia,-1.0,-1.0,77.0,23.0,44.0,170.0,234.0,126.0,128.0,359.0,0.0,5.0,1166.0
2006,West Bengal,Nadia,0.0,0.0,1.0,16.0,82.0,139.0,308.0,201.0,362.0,28.0,6.0,0.0,1143.0
2007,West Bengal,Nadia,0.0,80.8,35.9,19.7,71.8,205.3,471.4,208.7,454.3,107.0,38.0,0.0,1692.9
2008,West Bengal,Nadia,70.6,35.0,10.2,92.0,96.4,259.8,301.2,219.5,314.0,81.5,0.0,0.0,1480.2
2009,West Bengal,Nadia,0.0,0.0,33.3,0.4,249.5,87.7,234.2,506.8,303.9,59.9,20.6,0.2,1496.5
2010,West Bengal,Nadia,0.0,14.5,0.0,29.4,94.2,173.4,106.9,87.9,180.6,110.1,6.8,42.4,846.2
2011,West Bengal,Nadia,0.0,0.4,35.8,99.2,122.1,324.8,238.2,362.6,197.3,29.6,3.4,0.0,1413.4
2012,West Bengal,Nadia,19.7,0.4,0.4,27.2,74.3,95.6,206.8,162.7,161.8,71.6,37.8,3.7,862.0
2013,West Bengal,Nadia,6.3,9.1,1.5,39.3,149.7,188.1,181.1,327.0,160.7,224.8,0.0,0.2,1287.8
2014,West Bengal,Nadia,0.8,50.2,17.1,0.0,92.0,221.4,203.1,236.7,218.8,56.7,0.0,0.0,1096.8
2015,West Bengal,Nadia,5.5,14.5,18.5,99.2,56.5,327.5,516.3,139.1,178.6,48.0,0.0,4.4,1408.1
2003,West Bengal,Murshidabad,1.0,32.0,45.0,7.0,76.0,245.0,200.0,194.0,184.0,264.0,0.0,0.0,1248.0
2004,West Bengal,Murshidabad,-1.0,-1.0,6.0,91.0,71.0,315.0,203.0,145.0,241.0,389.0,0.0,0.0,1461.0
2005,West Bengal,Murshidabad,-1.0,-1.0,53.0,9.0,59.0,87.0,383.0,201.0,160.0,181.0,2.0,0.0,1135.0
2006,West Bengal,Murshidabad,0.0,0.0,12.0,33.0,99.0,226.0,324.0,224.0,411.0,37.0,6.0,0.0,1372.0
2007,West Bengal,Murshidabad,0.0,61.0,23.0,0.0,0.0,334.1,479.2,268.4,417.9,143.0,0.0,0.0,1726.6
2008,West Bengal,Murshidabad,6.2,2.1,2.3,7.8,32.9,248.2,378.5,210.1,219.5,66.2,0.0,0.0,1173.8
2009,West Bengal,Murshidabad,0.2,0.0,24.4,0.0,176.6,73.8,185.5,358.5,381.6,150.7,0.0,0.0,1351.3
2010,West Bengal,Murshidabad,0.2,0.1,0.0,0.0,88.0,263.5,100.9,171.3,174.4,89.9,2.0,50.4,940.7
2011,West Bengal,Murshidabad,4.7,1.3,53.0,155.0,117.4,516.9,246.0,397.4,224.1,25.3,0.2,0.0,1741.3
2012,West Bengal,Murshidabad,15.7,0.5,10.1,56.4,35.0,103.5,292.9,110.3,173.9,109.1,68.0,4.1,979.5
2013,West Bengal,Murshidabad,0.0,1.0,0.5,33.6,192.7,174.5,115.4,311.3,195.2,204.0,0.0,0.0,1228.2
2014,West Bengal,Murshidabad,0.3,30.7,4.4,0.0,138.9,183.6,280.1,239.7,282.3,15.6,0.0,0.0,1175.6
2015,West Bengal,Murshidabad,7.1,7.0,12.0,50.0,88.0,341.5,640.4,274.6,193.2,49.9,7.8,2.0,1673.5
2003,West Bengal,Burdwan,0.0,29.0,54.0,54.0,67.0,202.0,215.0,155.0,112.0,274.0,2.0,0.0,1164.0
2004,West Bengal,Burdwan,-1.0,-1.0,24.0,84.0,76.0,196.0,150.0,274.0,251.0,122.0,0.0,0.0,1177.0
2005,West Bengal,Burdwan,-1.0,-1.0,75.0,21.0,65.0,153.0,238.0,173.0,151.0,296.0,0.0,11.0,1183.0
2006,West Bengal,Burdwan,0.0,0.0,8.0,66.0,114.0,193.0,497.0,271.0,265.0,24.0,8.0,0.0,1446.0
2007,West Bengal,Burdwan,0.0,48.4,40.6,27.0,71.7,245.9,497.1,288.6,451.4,50.5,33.6,0.0,1754.8
2008,West Bengal,Burdwan,23.1,13.3,21.3,37.3,125.2,375.5,420.1,297.9,268.3,56.3,0.0,0.0,1638.3
2009,West Bengal,Burdwan,0.0,0.0,21.3,0.3,228.8,48.6,254.4,371.3,302.7,69.0,0.2,0.0,1296.6
2010,West Bengal,Burdwan,0.0,8.2,10.0,13.1,110.0,223.2,190.8,122.8,209.1,49.9,8.3,43.8,989.2
2011,West Bengal,Burdwan,0.0,0.7,27.1,55.4,116.8,417.0,259.5,348.8,240.3,51.4,0.6,0.0,1517.6
2012,West Bengal,Burdwan,31.1,7.8,3.2,63.3,39.4,133.9,424.5,277.9,194.6,57.2,37.5,6.2,1276.6
2013,West Bengal,Burdwan,6.8,17.5,4.6,41.5,175.1,210.2,145.5,341.1,250.7,342.5,0.0,0.0,1535.5
2014,West Bengal,Burdwan,1.1,35.1,32.0,0.7,74.6,233.9,280.6,256.5,195.3,23.9,0.0,0.7,1134.4
2015,West Bengal,Burdwan,8.5,10.1,29.4,76.3,64.2,338.1,587.3,285.8,111.8,34.1,0.0,0.9,1546.5
2003,West Bengal,Birbhum,2.0,36.0,54.0,52.0,69.0,203.0,153.0,231.0,112.0,260.0,0.0,0.0,1172.0
2004,West Bengal,Birbhum,-1.0,-1.0,26.0,91.0,65.0,288.0,170.0,303.0,288.0,233.0,0.0,0.0,1464.0
2005,West Bengal,Birbhum,-1.0,-1.0,66.0,26.0,59.0,148.0,454.0,160.0,88.0,200.0,0.0,5.0,1206.0
2006,West Bengal,Birbhum,0.0,0.0,15.0,43.0,75.0,303.0,567.0,186.0,378.0,26.0,12.0,0.0,1605.0
2007,West Bengal,Birbhum,0.0,55.2,60.0,47.2,69.6,213.5,507.8,284.8,426.8,43.0,4.5,0.0,1712.4
2008,West Bengal,Birbhum,15.1,6.3,9.1,24.7,96.8,294.1,396.8,299.8,202.4,54.2,0.0,0.0,1399.3
2009,West Bengal,Birbhum,1.8,9.0,7.8,0.0,231.3,75.9,231.3,303.7,282.6,93.2,2.0,0.0,1238.6
2010,West Bengal,Birbhum,1.8,12.3,9.2,25.9,66.2,214.7,224.3,121.7,221.6,67.6,8.8,49.8,1023.9
2011,West Bengal,Birbhum,8.1,1.8,36.3,62.8,82.5,411.4,195.9,490.4,233.6,20.7,0.5,0.0,1544.0
2012,West Bengal,Birbhum,17.2,5.5,7.7,29.9,46.9,122.9,324.5,197.4,139.2,84.6,71.0,6.0,1052.8
2013,West Bengal,Birbhum,1.8,14.5,0.9,46.2,152.3,164.9,170.6,345.7,149.9,327.5,0.0,0.0,1374.3
2014,West Bengal,Birbhum,3.8,35.4,28.5,0.2,80.9,177.3,391.6,285.7,130.2,10.2,0.0,0.6,1144.4
2015,West Bengal,Birbhum,9.1,4.3,35.5,69.4,54.4,321.5,698.5,296.8,144.2,21.1,4.2,0.2,1659.2
2003,West Bengal,Bankura,1.0,26.0,58.0,34.0,57.0,280.0,244.0,182.0,155.0,255.0,14.0,0.0,1306.0
2004,West Bengal,Bankura,-1.0,-1.0,20.0,46.0,98.0,189.0,201.0,327.0,199.0,128.0,0.0,0.0,1208.0
2005,West Bengal,Bankura,-1.0,-1.0,48.0,33.0,42.0,153.0,303.0,191.0,155.0,214.0,0.0,22.0,1161.0
2006,West Bengal,Bankura,0.0,0.0,5.0,52.0,162.0,205.0,320.0,240.0,295.0,19.0,15.0,0.0,1313.0
2007,West Bengal,Bankura,0.0,44.8,42.6,32.1,97.6,210.9,623.2,302.7,418.4,11.0,31.3,0.0,1814.6
2008,West Bengal,Bankura,26.0,5.4,3.3,39.3,93.4,398.6,438.5,302.8,231.7,18.9,0.0,0.0,1557.9
2009,West Bengal,Bankura,4.8,0.0,27.9,0.7,196.7,56.8,307.3,325.9,311.7,55.2,13.1,0.0,1300.1
2010,West Bengal,Bankura,4.8,33.9,31.0,31.4,118.4,188.6,180.7,135.7,199.5,71.4,7.4,37.8,1040.6
2011,West Bengal,Bankura,5.1,0.7,33.7,122.3,146.3,544.1,183.6,394.3,416.7,30.0,3.8,0.0,1880.6
2012,West Bengal,Bankura,43.9,16.4,7.9,85.9,44.6,173.2,301.4,345.8,242.7,35.9,38.0,15.0,1350.7
2013,West Bengal,Bankura,0.9,15.0,22.9,72.6,342.4,369.7,289.8,368.4,260.8,398.0,0.0,0.0,2140.5
2014,West Bengal,Bankura,0.8,38.3,8.0,3.3,84.7,85.7,313.7,323.4,164.1,53.2,0.0,0.3,1075.5
2015,West Bengal,Bankura,17.4,1.5,7.1,85.6,55.9,152.2,467.5,230.6,96.5,12.7,0.0,0.2,1127.2
2003,West Bengal,Hooghly,0.0,3.0,88.0,17.0,65.0,199.0,205.0,151.0,154.0,230.0,2.0,0.0,1114.0
2004,West Bengal,Hooghly,-1.0,-1.0,7.0,40.0,65.0,234.0,191.0,220.0,249.0,110.0,0.0,0.0,1116.0
2005,West Bengal,Hooghly,-1.0,-1.0,94.0,49.0,42.0,108.0,222.0,224.0,121.0,309.0,0.0,2.0,1171.0
2006,West Bengal,Hooghly,0.0,0.0,0.0,68.0,117.0,143.0,303.0,208.0,259.0,29.0,2.0,0.0,1129.0
2007,West Bengal,Hooghly,0.0,44.5,14.3,53.1,106.1,277.8,472.6,235.4,419.5,49.3,87.1,0.0,1759.7
2008,West Bengal,Hooghly,54.8,9.2,22.2,54.2,95.8,355.6,339.5,216.1,237.9,39.0,0.0,0.0,1424.3
2009,West Bengal,Hooghly,0.0,0.0,25.4,0.0,194.5,79.8,202.9,332.3,242.6,72.3,6.2,0.0,1156.0
2010,West Bengal,Hooghly,0.0,30.7,4.0,18.4,171.1,186.2,135.5,190.4,209.5,64.8,4.2,18.7,1033.5
2011,West Bengal,Hooghly,1.9,0.4,42.5,37.9,121.7,351.0,245.5,429.0,234.6,20.6,0.1,0.0,1485.2
2012,West Bengal,Hooghly,41.3,14.6,1.8,40.8,56.0,170.0,273.0,199.5,183.8,47.9,51.5,9.6,1089.8
2013,West Bengal,Hooghly,2.1,8.9,2.4,56.5,93.7,223.9,221.4,287.0,186.6,282.8,0.0,0.0,1365.3
2014,West Bengal,Hooghly,0.0,44.0,19.5,0.1,78.6,218.3,239.9,289.1,190.5,34.4,0.0,0.0,1114.4
2015,West Bengal,Hooghly,9.1,4.1,16.0,62.4,54.0,299.5,671.6,188.0,215.3,27.2,0.1,1.8,1549.1
2003,West Bengal,Howrah,0.0,4.0,67.0,38.0,71.0,251.0,219.0,238.0,124.0,255.0,20.0,0.0,1287.0
2004,West Bengal,Howrah,-1.0,-1.0,3.0,77.0,62.0,268.0,176.0,323.0,221.0,235.0,0.0,0.0,1365.0
2005,West Bengal,Howrah,-1.0,-1.0,86.0,96.0,69.0,189.0,283.0,244.0,187.0,428.0,0.0,1.0,1583.0
2006,West Bengal,Howrah,0.0,0.0,1.0,48.0,111.0,106.0,501.0,297.0,331.0,115.0,3.0,0.0,1513.0
2007,West Bengal,Howrah,4.8,53.8,24.2,53.0,64.8,239.5,758.4,364.7,416.1,52.8,45.6,0.0,2077.7
2008,West Bengal,Howrah,0.0,0.0,1.8,50.0,90.4,562.5,312.6,258.1,362.1,70.0,0.0,0.0,1707.5
2009,West Bengal,Howrah,0.0,0.0,4.0,0.0,328.0,43.9,371.3,195.7,298.6,65.8,0.0,0.0,1307.3
2010,West Bengal,Howrah,0.0,11.0,0.0,2.2,106.8,175.3,212.8,350.6,204.3,160.1,3.0,18.8,1244.9
2011,West Bengal,Howrah,4.9,5.3,29.2,38.0,127.3,292.8,255.9,433.7,251.5,23.9,0.0,0.0,1462.5
2012,West Bengal,Howrah,81.0,14.5,0.0,34.4,18.3,226.5,240.8,155.2,256.7,111.9,26.3,40.3,1205.9
2013,West Bengal,Howrah,5.8,9.6,9.9,40.2,99.4,228.1,310.2,550.0,249.1,352.6,0.0,0.0,1854.9
2014,West Bengal,Howrah,0.1,54.2,19.5,0.0,103.6,161.8,224.9,362.6,280.4,24.0,0.0,1.2,1232.3
2015,West Bengal,Howrah,9.8,4.2,10.0,101.1,68.3,227.9,854.4,180.8,202.2,25.7,0.0,6.0,1690.4
2003,West Bengal,Jalpaiguri,8.0,61.0,103.0,202.0,260.0,630.0,1234.0,432.0,550.0,314.0,24.0,0.0,3818.0
2004,West Bengal,Jalpaiguri,-1.0,-1.0,35.0,208.0,416.0,647.0,1307.0,436.0,668.0,171.0,9.0,0.0,3897.0
2005,West Bengal,Jalpaiguri,-1.0,-1.0,132.0,207.0,230.0,438.0,782.0,648.0,254.0,353.0,7.0,0.0,3051.0
2006,West Bengal,Jalpaiguri,0.0,7.0,17.0,98.0,404.0,625.0,760.0,242.0,637.0,201.0,15.0,11.0,3017.0
2007,West Bengal,Jalpaiguri,0.0,68.0,24.7,209.4,260.0,583.6,919.3,676.2,689.7,73.5,2.8,0.6,3507.8
2008,West Bengal,Jalpaiguri,13.6,5.5,64.6,134.9,226.8,672.0,959.2,1045.8,321.5,98.8,12.9,3.7,3559.3
2009,West Bengal,Jalpaiguri,0.0,0.0,33.5,153.9,258.2,656.2,698.5,746.3,263.8,322.5,2.5,2.4,3137.8
2010,West Bengal,Jalpaiguri,0.0,3.1,43.0,225.8,420.8,873.1,1164.7,783.7,552.7,73.7,5.6,0.0,4146.2
2011,West Bengal,Jalpaiguri,2.3,8.2,44.4,161.7,276.6,530.9,924.7,543.5,490.6,39.9,9.5,2.8,3035.1
2012,West Bengal,Jalpaiguri,5.4,3.8,5.8,164.4,264.0,1057.3,1110.9,455.8,598.0,155.3,0.0,0.1,3820.8
2013,West Bengal,Jalpaiguri,1.3,13.8,8.8,120.3,316.2,634.1,1091.1,594.4,485.0,202.0,5.6,0.1,3472.7
2014,West Bengal,Jalpaiguri,0.4,27.1,13.6,32.4,445.5,732.9,366.4,911.0,485.4,36.5,3.7,0.2,3055.1
2015,West Bengal,Jalpaiguri,12.4,14.4,38.5,179.6,374.9,717.1,440.1,1012.1,477.2,67.1,30.0,7.2,3370.6
2003,West Bengal,Darjeeling,17.0,75.0,27.0,188.0,232.0,625.0,840.0,648.0,456.0,262.0,12.0,0.0,3382.0
2004,West Bengal,Darjeeling,-1.0,-1.0,32.0,89.0,361.0,626.0,796.0,300.0,425.0,175.0,0.0,0.0,2804.0
2005,West Bengal,Darjeeling,-1.0,-1.0,55.0,50.0,387.0,501.0,598.0,606.0,138.0,131.0,0.0,0.0,2466.0
2006,West Bengal,Darjeeling,0.0,4.0,7.0,56.0,177.0,589.0,643.0,553.0,876.0,97.0,5.0,8.0,3015.0
2007,West Bengal,Darjeeling,0.0,105.8,40.4,99.4,219.9,391.7,1064.8,567.1,723.8,68.5,1.3,2.6,3285.3
2008,West Bengal,Darjeeling,19.5,2.9,48.9,66.9,191.8,915.0,738.5,875.4,292.2,137.8,27.2,0.0,3316.1
2009,West Bengal,Darjeeling,0.0,0.0,12.9,147.0,398.4,350.4,765.2,759.8,265.8,307.3,0.5,1.8,3009.1
2010,West Bengal,Darjeeling,0.0,3.4,6.8,73.3,304.3,635.5,981.4,913.7,468.7,136.3,15.2,0.0,3538.6
2011,West Bengal,Darjeeling,3.7,8.2,20.2,98.7,233.0,620.2,1070.3,644.6,589.0,30.0,16.4,4.2,3338.5
2012,West Bengal,Darjeeling,7.2,2.8,2.2,141.7,152.4,627.5,902.1,478.8,587.8,67.0,0.0,0.0,2969.5
2013,West Bengal,Darjeeling,7.3,24.5,28.5,83.6,441.6,540.7,727.1,537.0,348.2,224.6,6.0,1.4,2970.5
2014,West Bengal,Darjeeling,0.1,10.3,20.5,26.9,310.0,744.1,490.1,825.4,453.4,56.8,4.9,0.9,2943.4
2015,West Bengal,Darjeeling,5.0,11.8,44.3,146.5,296.1,537.8,581.3,691.7,556.2,50.4,5.2,3.8,2930.1
2003,West Bengal,Malda,4.0,58.0,60.0,38.0,119.0,300.0,380.0,120.0,234.0,331.0,0.0,0.0,1644.0
2004,West Bengal,Malda,-1.0,-1.0,2.0,76.0,83.0,332.0,490.0,237.0,160.0,515.0,0.0,0.0,1895.0
2005,West Bengal,Malda,-1.0,-1.0,41.0,10.0,110.0,87.0,528.0,398.0,188.0,194.0,0.0,0.0,1556.0
2006,West Bengal,Malda,0.0,0.0,12.0,62.0,105.0,178.0,220.0,260.0,405.0,71.0,15.0,1.0,1329.0
2007,West Bengal,Malda,0.0,36.4,36.2,0.0,110.5,403.2,546.7,160.0,183.6,75.9,1.6,0.0,1554.1
2008,West Bengal,Malda,61.4,0.6,3.6,11.7,37.5,394.8,456.3,256.4,233.2,47.9,0.0,0.0,1503.4
2009,West Bengal,Malda,1.1,6.8,0.3,0.0,296.7,29.9,262.1,320.1,135.7,268.5,3.8,0.0,1325.0
2010,West Bengal,Malda,1.1,2.2,0.1,37.8,184.4,218.3,212.9,203.8,220.3,91.9,11.1,5.9,1189.8
2011,West Bengal,Malda,0.4,4.6,3.9,23.8,127.4,331.5,242.6,435.7,202.8,22.4,0.1,0.0,1395.2
2012,West Bengal,Malda,9.3,0.0,3.3,47.8,23.0,120.1,276.8,112.1,167.5,85.7,45.7,0.0,891.3
2013,West Bengal,Malda,0.0,15.0,1.3,42.8,65.9,230.3,160.3,354.6,144.2,221.8,1.4,0.0,1237.6
2014,West Bengal,Malda,0.3,54.4,1.4,4.2,152.1,263.3,315.1,226.2,267.3,19.1,0.0,0.0,1303.4
2015,West Bengal,Malda,18.8,1.6,43.4,103.7,154.2,257.3,419.1,330.0,193.6,17.2,0.0,0.0,1538.9
2003,West Bengal,Cooch Behar,8.0,37.0,163.0,240.0,268.0,817.0,795.0,319.0,296.0,248.0,0.0,0.0,3191.0
2004,West Bengal,Cooch Behar,-1.0,-1.0,5.0,164.0,355.0,500.0,990.0,227.0,646.0,165.0,6.0,0.0,3058.0
2005,West Bengal,Cooch Behar,-1.0,-1.0,59.0,1930.0,253.0,747.0,638.0,622.0,288.0,470.0,0.0,0.0,5007.0
2006,West Bengal,Cooch Behar,0.0,11.0,3.0,62.0,335.0,551.0,529.0,113.0,382.0,135.0,18.0,10.0,2149.0
2007,West Bengal,Cooch Behar,0.0,49.7,22.1,184.6,220.5,418.4,613.2,394.0,429.6,88.1,0.0,0.1,2420.3
2008,West Bengal,Cooch Behar,40.7,8.6,63.5,136.4,219.9,446.5,622.8,854.5,275.3,162.3,0.0,0.1,2830.6
2009,West Bengal,Cooch Behar,0.0,0.0,40.7,190.4,263.0,418.0,357.0,598.8,170.7,275.1,2.2,0.2,2316.1
2010,West Bengal,Cooch Behar,0.0,0.0,64.4,286.8,442.4,688.4,814.7,500.0,478.5,57.9,5.8,0.0,3338.9
2011,West Bengal,Cooch Behar,0.8,11.0,88.8,160.8,270.0,387.1,787.5,420.9,474.6,14.8,8.2,3.3,2627.8
2012,West Bengal,Cooch Behar,4.0,11.3,5.9,151.6,341.0,918.6,731.2,408.0,560.5,222.2,0.0,0.0,3354.3
2013,West Bengal,Cooch Behar,0.0,16.5,1.9,126.3,241.6,441.2,718.0,354.4,359.7,181.8,4.2,0.0,2445.6
2014,West Bengal,Cooch Behar,0.3,19.5,23.8,14.9,341.3,662.5,296.4,453.8,585.4,21.5,0.0,0.1,2419.5
2015,West Bengal,Cooch Behar,24.2,15.5,61.2,140.1,383.1,603.7,296.4,724.9,399.8,34.6,13.8,2.4,2699.7
2003,West Bengal,Purulia,0.0,60.0,53.0,18.0,46.0,220.0,268.0,244.0,112.0,214.0,18.0,0.0,1253.0
2004,West Bengal,Purulia,-1.0,-1.0,4.0,57.0,59.0,191.0,259.0,392.0,161.0,91.0,0.0,0.0,1214.0
2005,West Bengal,Purulia,-1.0,-1.0,25.0,20.0,41.0,140.0,250.0,204.0,130.0,209.0,9.0,17.0,1045.0
2006,West Bengal,Purulia,0.0,0.0,15.0,25.0,122.0,208.0,381.0,277.0,217.0,16.0,15.0,0.0,1276.0
2007,West Bengal,Purulia,0.0,39.3,53.3,31.4,78.4,126.6,588.0,444.6,372.5,33.0,16.7,0.0,1783.8
2008,West Bengal,Purulia,24.0,3.1,3.9,16.8,63.0,403.3,384.8,202.8,271.2,10.5,0.0,0.0,1383.4
2009,West Bengal,Purulia,8.9,0.0,11.1,1.3,113.2,55.4,293.7,337.4,262.5,72.7,9.6,0.0,1165.8
2010,West Bengal,Purulia,8.9,30.1,5.7,12.0,87.7,101.6,139.7,218.0,175.2,59.0,10.5,52.9,901.3
2011,West Bengal,Purulia,1.2,0.2,44.2,74.6,98.0,523.0,221.8,404.6,375.4,20.3,0.0,0.0,1763.3
2012,West Bengal,Purulia,38.2,25.7,6.3,75.0,37.6,145.9,329.0,316.9,319.0,38.1,52.3,16.9,1400.9
2013,West Bengal,Purulia,0.7,13.8,6.7,47.1,294.1,200.9,246.6,302.8,233.8,434.6,0.0,0.0,1781.1
2014,West Bengal,Purulia,1.4,34.1,25.5,2.3,88.2,146.1,266.9,215.5,188.4,58.3,0.0,0.0,1026.7
2015,West Bengal,Purulia,28.9,0.1,3.1,72.7,86.7,162.5,563.6,187.7,79.6,21.7,0.4,1.7,1208.7
2003,West Bengal,Midnapur,0.0,15.0,64.5,19.5,86.5,296.0,123.3,112.5,64.5,239.8,6.8,0.0,796.8
2004,West Bengal,Midnapur,-1.0,-1.0,19.5,54.5,39.0,280.0,254.0,375.5,188.5,236.0,0.5,0.0,1447.5
2005,West Bengal,Midnapur,-1.0,-1.0,122.0,57.5,96.0,189.0,318.5,282.0,378.0,487.0,0.0,6.5,1936.5
2006,West Bengal,Midnapur,0.0,0.0,9.0,56.0,116.0,186.5,417.0,379.5,339.0,55.5,11.0,0.0,1569.5
2007,West Bengal,Midnapur,10.9,68.8,58.8,45.6,58.8,299.0,792.0,411.1,457.4,25.6,36.9,0.0,2264.9
2008,West Bengal,Midnapur,84.5,12.6,17.7,72.2,99.4,709.3,284.6,269.5,286.4,68.7,0.0,0.0,1904.9
2009,West Bengal,Midnapur,0.1,0.0,17.5,4.3,308.3,65.7,280.5,284.7,255.4,88.3,15.6,0.3,1320.7
2010,West Bengal,Midnapur,0.1,9.0,3.4,0.0,95.2,180.1,286.3,372.0,282.7,158.1,6.9,19.0,1412.8
2011,West Bengal,Midnapur,3.7,7.4,21.5,60.2,132.5,270.7,294.9,372.4,297.0,28.2,2.3,0.0,1490.8
2012,West Bengal,Midnapur,55.3,16.7,1.0,59.6,50.6,129.9,282.3,246.9,369.7,51.3,38.4,47.8,1349.1
2013,West Bengal,Midnapur,0.6,8.0,4.5,43.6,209.6,201.5,343.7,449.4,356.9,435.4,0.0,0.0,2053.0
2014,West Bengal,Midnapur,0.0,51.4,13.1,3.9,159.0,171.5,335.1,381.9,254.6,81.3,0.0,0.1,1451.8
2015,West Bengal,Midnapur,11.9,3.6,20.1,128.3,47.3,204.4,642.1,262.1,169.8,40.7,5.5,14.6,1550.1
2012,West Bengal,Kolkata,94.4,15.0,0.0,133.5,93.9,178.1,248.5,251.7,439.2,161.8,18.3,34.2,1668.6
2013,West Bengal,Kolkata,12.2,9.9,1.2,31.2,122.4,397.5,327.2,679.2,341.4,523.1,0.0,0.0,2445.3
2014,West Bengal,Kolkata,1.0,41.5,16.3,0.1,101.4,223.5,376.0,283.6,322.1,65.5,0.0,0.1,1431.1
2015,West Bengal,Kolkata,3.2,6.8,53.5,112.0,78.9,226.2,663.8,389.9,229.3,98.5,0.0,3.2,1865.3
2003,West Bengal,West Dinajpur,3.5,37.0,46.0,74.5,161.5,382.0,432.5,198.5,191.5,257.0,0.0,0.0,1784.0
2004,West Bengal,West Dinajpur,-1.0,-1.0,2.0,65.5,130.5,305.0,478.0,162.5,173.0,242.5,0.0,0.0,1559.0
2005,West Bengal,West Dinajpur,-1.0,-1.0,29.5,34.5,109.0,215.5,417.5,416.0,214.0,432.0,0.0,0.0,1868.0
2006,West Bengal,West Dinajpur,0.0,0.0,9.5,81.0,136.5,196.0,271.5,152.5,276.0,63.5,15.5,6.5,1208.5
2007,West Bengal,West Dinajpur,0.0,7.0,0.0,0.0,54.4,481.7,454.8,305.1,256.4,5.6,0.0,0.0,1564.9
2008,West Bengal,West Dinajpur,0.0,0.0,0.0,0.0,0.6,290.4,488.1,319.2,109.5,21.4,0.0,0.0,1229.1
2009,West Bengal,West Dinajpur,-1.0,-1.0,-1.0,-1.0,29.2,20.9,156.7,187.7,6.9,87.0,-1.0,-1.0,1146.7
2010,West Bengal,West Dinajpur,-1.0,-1.0,-1.0,42.0,59.8,191.7,69.2,167.4,95.5,59.2,7.6,-1.0,1448.0
2011,West Bengal,West Dinajpur,0.7,10.2,16.4,185.8,273.4,372.9,250.8,347.6,127.9,10.4,0.6,0.0,1596.5
2012,West Bengal,West Dinajpur,7.1,1.0,3.2,48.1,70.9,300.6,451.1,173.1,198.9,62.4,1.1,0.2,1317.5
2013,West Bengal,West Dinajpur,0.0,8.3,0.0,70.1,101.4,273.2,246.1,321.1,176.1,179.0,0.0,0.0,1375.2
2014,West Bengal,West Dinajpur,0.3,30.0,2.3,9.4,164.4,293.8,288.1,273.8,265.8,15.4,0.0,0.0,1343.0
2015,West Bengal,West Dinajpur,17.4,10.6,33.4,64.2,126.3,144.8,220.7,336.6,164.1,13.7,17.3,0.0,1140.1
2003,Bihar,Champaran,45.3,19.7,22.2,14.3,53.6,360.4,433.8,299.4,160.5,96.1,0.0,0.2,1505.2
2004,Bihar,Champaran,17.0,0.0,0.0,4.0,53.1,412.0,444.0,213.7,42.1,7.1,0.0,0.0,1192.8
2005,Bihar,Champaran,8.9,47.0,165.1,272.1,199.7,325.4,46.5,64.0,0.0,0.0,0.0,0.0,1128.5
2006,Bihar,Champaran,0.0,129.9,220.0,216.3,124.2,112.3,101.4,75.6,189.8,4.3,0.0,0.0,1173.6
2007,Bihar,Champaran,16.2,44.0,509.1,533.9,771.1,172.7,13.4,0.0,0.0,0.0,0.0,0.0,2060.3
2008,Bihar,Champaran,112.6,333.6,459.2,309.1,168.0,78.7,12.1,0.0,0.5,0.0,0.0,0.0,1473.6
2009,Bihar,Champaran,75.6,80.1,235.1,329.5,77.8,191.8,215.0,43.5,17.6,0.0,0.0,0.0,1265.8
2010,Bihar,Champaran,0.3,-1.0,-1.0,-1.0,-1.0,111.4,410.0,454.4,304.6,78.8,0.0,0.4,1477.5
2011,Bihar,Champaran,0.8,20.8,9.7,17.6,153.6,163.0,467.5,332.2,281.4,2.4,3.7,0.0,1452.4
2012,Bihar,Champaran,21.2,16.0,12.4,22.6,26.2,116.5,527.2,184.2,298.3,5.8,0.0,0.0,1230.1
2013,Bihar,Champaran,10.0,31.8,0.1,57.3,121.6,253.4,279.4,205.8,123.1,184.1,0.0,0.0,1266.4
2014,Bihar,Champaran,9.0,30.3,6.6,0.0,69.9,151.6,240.0,407.8,207.2,135.8,0.0,3.7,1261.6
2015,Bihar,Champaran,7.5,1.7,51.7,36.3,54.9,84.5,195.5,460.0,98.7,31.1,0.0,0.0,1021.7
2003,Bihar,Muzaffarpur,18.5,34.8,11.9,57.0,34.5,174.1,290.3,305.6,33.0,26.4,0.0,0.7,986.8
2004,Bihar,Muzaffarpur,43.5,0.3,50.4,79.1,228.6,575.7,198.7,46.0,1.6,0.0,0.0,0.0,1223.9
2005,Bihar,Muzaffarpur,13.7,12.2,3.2,15.0,42.0,141.0,400.2,251.0,76.7,53.0,0.0,0.0,1008.0
2006,Bihar,Muzaffarpur,0.0,0.0,1.6,21.6,71.8,241.5,377.7,122.2,365.3,25.9,4.5,0.0,1232.1
2007,Bihar,Muzaffarpur,0.0,23.6,29.0,8.6,80.5,166.6,719.4,649.3,700.0,246.8,1.0,0.0,2624.8
2008,Bihar,Muzaffarpur,0.0,3.8,0.0,13.3,61.2,377.3,712.2,331.7,277.2,53.6,0.0,0.0,1830.3
2009,Bihar,Muzaffarpur,0.0,1.8,1.8,0.0,194.8,67.8,216.1,262.4,165.3,71.1,0.0,0.0,981.1
2010,Bihar,Muzaffarpur,1.6,1.8,0.0,0.0,62.3,87.3,254.0,207.1,140.1,81.8,0.0,1.1,837.1
2011,Bihar,Muzaffarpur,3.4,7.8,8.0,28.3,105.1,260.8,279.1,247.1,424.6,21.0,0.0,0.0,1385.2
2012,Bihar,Muzaffarpur,26.8,0.0,8.7,6.0,18.7,27.4,320.0,274.9,311.8,23.1,0.0,0.0,1017.4
2013,Bihar,Muzaffarpur,16.1,43.9,0.0,25.0,149.5,161.1,79.9,122.5,89.4,230.7,0.0,0.0,918.1
2014,Bihar,Muzaffarpur,16.1,28.6,5.8,0.0,66.7,90.3,230.7,357.1,212.4,34.5,0.0,1.4,1043.6
2015,Bihar,Muzaffarpur,8.7,0.0,27.7,31.6,23.5,22.5,199.8,236.4,46.2,9.6,0.0,0.0,606.0
2003,Bihar,Darbhanga,0.0,44.6,7.6,22.3,42.6,288.4,143.2,146.4,49.0,78.3,0.0,0.0,822.4
2004,Bihar,Darbhanga,34.3,0.0,0.0,45.0,53.7,374.9,279.6,179.4,86.6,18.6,0.0,0.0,1072.1
2005,Bihar,Darbhanga,0.0,0.0,32.4,247.9,245.3,47.9,2.2,0.0,0.0,0.0,0.0,0.0,575.7
2006,Bihar,Darbhanga,96.3,368.1,149.9,306.0,28.1,0.0,0.0,0.0,0.0,0.0,0.0,0.0,948.4
2007,Bihar,Darbhanga,0.0,15.0,18.5,559.9,457.7,559.6,82.3,0.0,0.0,0.0,0.0,0.0,1693.0
2008,Bihar,Darbhanga,100.8,489.4,197.8,133.5,26.2,0.0,0.0,0.0,0.0,0.0,0.0,0.0,947.7
2009,Bihar,Darbhanga,0.2,2.6,351.8,382.3,77.6,29.9,0.0,0.0,0.0,0.0,0.0,0.0,844.4
2010,Bihar,Darbhanga,-1.0,-1.0,-1.0,-1.0,-1.0,117.6,283.9,248.9,115.5,22.6,-1.0,-1.0,788.5
2011,Bihar,Darbhanga,0.0,10.1,26.3,19.7,136.7,155.9,312.5,210.6,376.7,13.4,0.5,0.0,1262.4
2012,Bihar,Darbhanga,15.0,0.0,6.5,12.3,38.2,76.1,404.0,206.4,255.0,42.3,0.0,0.0,1055.8
2013,Bihar,Darbhanga,0.0,0.0,0.0,0.0,0.0,130.6,157.7,149.2,136.8,210.7,0.0,0.0,785.0
2014,Bihar,Darbhanga,14.9,37.7,4.6,0.0,84.3,176.9,260.5,363.3,86.8,117.2,0.0,0.0,1146.2
2015,Bihar,Darbhanga,9.7,0.0,38.7,53.8,40.3,74.1,178.3,371.9,96.4,0.0,0.0,0.0,863.2
2003,Bihar,Saharsa,9.8,33.5,6.4,34.7,46.7,198.5,280.4,156.7,84.0,130.4,0.0,1.7,982.8
2004,Bihar,Saharsa,0.0,315.9,881.7,156.8,164.1,61.4,0.0,0.0,0.0,0.0,0.0,0.0,1579.9
2005,Bihar,Saharsa,95.9,322.5,284.0,137.8,3.0,0.0,0.0,0.0,0.0,0.0,0.0,0.0,843.2
2006,Bihar,Saharsa,184.0,337.4,92.6,354.9,4.5,0.0,0.0,0.0,0.0,0.0,0.0,0.0,973.4
2007,Bihar,Saharsa,105.7,438.3,400.0,399.0,3.1,0.0,0.0,0.0,0.0,0.0,0.0,0.0,1346.1
2008,Bihar,Saharsa,103.1,399.6,310.0,216.2,32.6,0.0,0.0,0.0,0.0,0.0,0.0,0.0,1061.5
2009,Bihar,Saharsa,66.1,333.5,386.4,60.2,85.2,0.0,0.0,0.0,0.0,0.0,0.0,0.0,931.4
2010,Bihar,Saharsa,0.0,-1.0,-1.0,-1.0,-1.0,143.0,495.9,212.9,197.3,72.1,-1.0,-1.0,1121.2
2011,Bihar,Saharsa,0.0,21.9,11.8,69.6,227.6,216.7,326.8,274.4,173.4,6.0,32.6,0.0,1360.8
2012,Bihar,Saharsa,8.4,0.0,6.0,52.4,0.0,0.0,152.8,219.6,168.9,47.8,0.0,0.0,655.9
2013,Bihar,Saharsa,0.0,10.6,3.2,132.4,22.4,191.6,225.5,173.0,285.8,144.6,0.0,0.0,1189.1
2014,Bihar,Saharsa,0.0,7.4,0.0,0.0,80.4,24.8,175.4,182.5,42.5,6.0,0.0,0.0,519.0
2015,Bihar,Saharsa,6.0,0.0,13.0,28.0,36.0,119.7,176.6,243.7,162.8,0.0,0.0,0.0,785.8
2003,Bihar,Purnea,5.5,21.6,8.6,28.0,56.1,328.3,459.2,283.3,227.8,233.6,0.0,2.0,1654.0
2004,Bihar,Purnea,19.9,0.9,0.0,150.8,185.6,385.8,618.5,204.9,267.9,121.4,0.0,0.0,1955.7
2005,Bihar,Purnea,19.9,2.1,23.8,4.9,36.7,390.0,481.9,619.1,186.8,127.0,0.0,0.0,1892.2
2006,Bihar,Purnea,0.0,0.0,3.1,14.2,0.0,293.3,490.8,194.4,346.6,94.7,0.0,2.9,1440.0
2007,Bihar,Purnea,0.0,8.8,0.8,2.0,48.1,387.0,519.1,576.5,343.8,9.2,0.0,0.0,1895.3
2008,Bihar,Purnea,20.9,4.0,9.2,12.7,110.2,309.2,617.9,622.4,258.6,77.1,0.0,0.0,2042.2
2009,Bihar,Purnea,0.0,3.3,7.4,3.3,269.9,214.3,416.2,560.7,72.7,222.6,0.0,0.0,1770.4
2010,Bihar,Purnea,0.0,0.0,0.0,30.6,241.3,431.7,690.2,353.3,302.0,42.3,0.6,0.0,2092.0
2011,Bihar,Purnea,0.3,13.5,14.1,111.0,257.1,303.2,693.8,437.4,465.4,1.8,2.6,2.1,2302.3
2012,Bihar,Purnea,6.1,3.6,7.9,118.4,22.1,91.1,296.8,89.2,164.2,47.0,0.2,0.0,846.6
2013,Bihar,Purnea,1.2,12.5,1.6,81.4,101.5,372.5,237.1,217.0,190.1,226.7,0.0,0.0,1441.6
2014,Bihar,Purnea,6.8,26.0,9.7,5.6,275.2,114.2,229.7,190.1,234.0,21.8,0.0,0.0,1113.1
2015,Bihar,Purnea,9.2,3.9,32.0,29.5,81.0,131.7,140.7,193.7,99.6,24.4,0.0,0.0,745.7
2003,Bihar,Saran,15.1,44.8,7.0,43.8,18.0,140.6,270.9,293.8,154.4,155.8,0.0,0.0,1144.2
2004,Bihar,Saran,5.2,0.0,0.0,4.0,46.8,79.9,260.1,99.0,25.9,1.2,0.0,0.0,522.1
2005,Bihar,Saran,0.0,0.0,0.0,0.0,23.2,66.9,100.4,12.3,0.0,0.0,0.0,0.0,202.8
2006,Bihar,Saran,0.0,0.0,28.0,0.0,194.2,307.8,0.0,0.0,0.0,0.0,0.0,0.0,530.0
2007,Bihar,Saran,0.0,0.0,0.0,0.0,59.8,705.0,263.2,70.2,13.4,0.0,0.0,0.0,1111.6
2008,Bihar,Saran,10.6,3.0,447.0,275.2,27.0,0.0,0.0,0.0,0.0,0.0,0.0,0.0,762.8
2009,Bihar,Saran,96.5,121.9,0.0,0.0,0.0,0.0,0.0,0.0,0.0,0.0,0.0,0.0,218.4
2010,Bihar,Saran,1.9,0.0,0.0,0.0,65.4,84.9,278.7,157.9,144.1,67.2,0.0,0.0,800.1
2011,Bihar,Saran,5.0,2.5,3.5,24.7,78.6,255.6,260.0,221.5,359.1,0.7,0.0,0.0,1211.2
2012,Bihar,Saran,29.3,0.0,10.4,7.6,0.0,54.3,247.9,186.6,284.3,25.7,0.0,0.0,846.1
2013,Bihar,Saran,1.3,33.8,0.0,9.6,105.8,185.2,94.7,166.5,92.4,232.5,0.0,0.0,921.8
2014,Bihar,Saran,23.4,44.7,5.1,0.0,59.8,63.4,153.7,280.4,231.4,58.2,0.0,0.0,920.1
2015,Bihar,Saran,5.2,0.0,28.9,38.7,0.9,78.0,210.4,294.9,16.5,9.8,0.0,0.0,683.3
2003,Bihar,Patna,4.3,42.7,1.4,8.1,0.0,174.0,181.6,167.2,133.2,32.3,0.0,0.0,744.8
2004,Bihar,Patna,32.3,4.1,5.3,24.3,37.1,160.1,201.3,297.0,50.8,5.8,0.0,0.8,818.9
2005,Bihar,Patna,19.1,29.5,4.4,1.2,14.7,28.4,481.9,217.0,97.1,39.6,0.0,0.0,932.9
2006,Bihar,Patna,0.0,0.0,3.5,21.0,28.8,266.5,325.3,173.5,195.0,0.0,6.5,0.0,1020.1
2007,Bihar,Patna,0.0,41.1,69.0,8.8,59.6,139.1,655.1,405.4,362.6,19.3,1.2,0.0,1761.2
2008,Bihar,Patna,43.4,7.9,0.0,38.4,74.8,425.5,535.0,394.7,145.5,1.8,0.0,0.0,1667.0
2009,Bihar,Patna,0.0,0.8,0.0,0.0,73.0,81.9,155.9,267.2,169.8,67.0,0.0,0.0,815.6
2010,Bihar,Patna,0.9,7.0,0.0,0.0,81.3,63.4,208.9,212.0,105.9,91.9,0.5,0.0,771.8
2011,Bihar,Patna,0.5,4.1,7.1,14.1,50.6,262.9,141.3,334.6,343.6,3.1,0.0,0.0,1161.9
2012,Bihar,Patna,7.6,0.8,8.5,11.2,0.0,25.9,403.1,206.6,225.7,43.6,0.0,0.0,933.0
2013,Bihar,Patna,12.4,36.8,0.9,12.7,115.0,131.3,66.2,185.4,184.0,173.0,0.0,0.0,917.7
2014,Bihar,Patna,25.2,27.4,19.9,0.0,71.3,105.8,172.9,448.9,183.1,35.7,0.0,0.1,1090.3
2015,Bihar,Patna,11.8,0.0,18.2,8.0,1.4,74.5,251.0,172.7,61.8,9.4,0.0,0.0,608.8
2003,Bihar,Mungair,-1.0,-1.0,-1.0,-1.0,-1.0,-1.0,-1.0,-1.0,-1.0,-1.0,-1.0,-1.0,-1.0
2004,Bihar,Mungair,0.0,0.0,131.7,319.5,160.5,49.3,66.5,0.0,0.0,0.0,0.0,0.0,727.5
2005,Bihar,Mungair,24.2,249.2,235.8,141.5,8.1,0.0,0.0,0.0,0.0,0.0,0.0,0.0,658.8
2006,Bihar,Mungair,27.4,284.4,70.4,187.3,23.0,0.0,0.0,0.0,0.0,0.0,0.0,0.0,592.5
2007,Bihar,Mungair,55.4,487.0,517.7,482.9,33.0,0.0,0.0,0.0,0.0,0.0,0.0,0.0,1576.0
2008,Bihar,Mungair,264.3,586.9,434.4,190.7,48.8,0.0,0.0,0.0,0.0,0.0,0.0,0.0,1525.1
2009,Bihar,Mungair,68.7,330.2,353.5,164.1,302.7,0.0,0.0,0.0,0.0,0.0,0.0,0.0,1219.2
2010,Bihar,Mungair,-1.0,-1.0,0.0,0.0,-1.0,267.6,724.7,294.8,501.8,101.6,1.0,0.2,1891.7
2011,Bihar,Mungair,0.9,1.8,56.9,19.4,68.6,18.2,56.5,239.0,132.0,24.5,0.0,0.0,617.8
2012,Bihar,Mungair,17.0,0.0,13.0,19.2,1.0,197.4,183.1,128.4,288.6,73.7,0.0,0.0,921.4
2013,Bihar,Mungair,0.0,0.0,0.0,49.8,58.6,147.8,219.1,201.0,123.6,178.8,3.2,0.0,981.9
2014,Bihar,Mungair,9.5,26.0,34.2,0.0,269.7,42.2,494.9,263.7,146.8,38.0,0.0,0.0,1325.0
2015,Bihar,Mungair,8.4,9.0,19.6,34.1,13.0,205.0,177.3,430.4,206.7,0.4,0.0,0.0,1103.9
2003,Bihar,Bhagalpur,-1.0,-1.0,-1.0,-1.0,-1.0,-1.0,-1.0,-1.0,-1.0,-1.0,-1.0,-1.0,-1.0
2004,Bihar,Bhagalpur,20.6,0.5,15.1,68.2,42.6,223.6,409.1,170.2,76.0,121.7,0.0,0.0,1147.6
2005,Bihar,Bhagalpur,11.3,5.2,18.5,0.0,33.9,41.1,414.1,456.6,140.1,71.2,0.0,0.0,1192.0
2006,Bihar,Bhagalpur,0.0,0.0,4.9,28.2,63.7,204.1,249.8,151.3,528.8,66.8,6.1,2.0,1305.7
2007,Bihar,Bhagalpur,15.5,24.8,3.6,117.5,115.6,543.7,202.8,383.5,92.5,0.0,0.0,0.0,1499.5
2008,Bihar,Bhagalpur,45.3,0.6,0.3,9.7,87.6,377.8,216.0,226.3,110.7,35.8,0.0,0.0,1110.1
2009,Bihar,Bhagalpur,2.0,2.7,2.5,0.0,202.8,65.8,326.2,500.9,220.0,172.1,0.0,0.0,1495.0
2010,Bihar,Bhagalpur,0.0,4.2,4.0,2.2,65.7,105.8,234.3,195.6,127.5,19.9,5.3,0.7,765.2
2011,Bihar,Bhagalpur,2.4,3.1,33.0,73.9,89.5,332.2,179.1,358.8,152.6,39.9,0.0,0.0,1264.5
2012,Bihar,Bhagalpur,16.3,0.0,2.5,5.7,19.5,79.4,311.6,142.7,124.0,54.0,16.7,0.0,772.4
2013,Bihar,Bhagalpur,0.0,14.5,0.0,58.7,143.3,182.1,142.8,266.8,160.4,319.3,6.8,0.0,1294.7
2014,Bihar,Bhagalpur,5.6,38.1,3.8,0.0,197.6,95.3,476.3,203.3,149.6,9.0,0.0,0.2,1178.8
2015,Bihar,Bhagalpur,28.4,3.7,31.9,71.4,53.7,204.2,360.1,300.7,188.0,11.4,0.0,0.0,1253.5
2003,Jharkhand,Santhal Paragana / Dumka,2.8,45.7,49.3,34.2,58.0,228.9,122.2,196.1,252.5,270.3,0.0,5.2,1265.2
2004,Jharkhand,Santhal Paragana / Dumka,7.7,0.0,9.4,29.7,65.0,399.6,225.6,201.1,430.3,305.7,0.0,0.0,1677.1
2005,Jharkhand,Santhal Paragana / Dumka,40.5,14.1,38.6,18.9,65.2,169.7,425.4,160.8,98.5,183.2,0.5,0.0,1215.4
2006,Jharkhand,Santhal Paragana / Dumka,0.0,0.0,9.6,43.7,86.5,292.8,665.5,254.0,367.0,14.4,19.8,0.0,1753.3
2007,Jharkhand,Santhal Paragana / Dumka,0.0,45.2,32.9,28.1,59.1,172.2,492.8,271.1,472.0,43.5,2.0,0.0,1618.9
2008,Jharkhand,Santhal Paragana / Dumka,25.6,0.0,6.5,17.0,46.1,276.9,418.0,321.6,122.0,24.8,0.0,0.0,1258.5
2009,Jharkhand,Santhal Paragana / Dumka,0.0,0.0,0.0,0.0,0.0,54.1,220.2,277.1,300.0,71.9,4.0,0.0,927.3
2010,Jharkhand,Santhal Paragana / Dumka,0.2,0.0,0.0,0.0,0.0,134.1,303.6,201.3,186.2,84.4,0.0,4.0,913.8
2011,Jharkhand,Santhal Paragana / Dumka,0.0,0.0,0.0,0.0,0.0,308.5,117.2,295.1,0.0,0.0,0.0,0.0,720.8
2012,Jharkhand,Santhal Paragana / Dumka,0.0,1.5,4.0,8.0,31.0,104.3,335.8,166.1,319.8,67.4,108.6,0.0,1146.5
2013,Jharkhand,Santhal Paragana / Dumka,0.0,0.0,0.0,0.0,0.0,116.7,132.3,238.3,174.2,273.3,0.0,0.0,934.8
2014,Jharkhand,Santhal Paragana / Dumka,0.0,0.0,6.3,0.0,117.9,174.6,312.5,250.9,208.4,49.9,0.0,0.0,1120.5
2015,Jharkhand,Santhal Paragana / Dumka,4.6,5.5,37.5,41.6,21.0,370.0,602.2,292.8,107.4,5.3,0.0,0.0,1487.9
2012,Bihar,Shahabad (Now Part Of Bhojpur District),0.0,0.0,0.0,1.0,0.0,100.5,203.9,168.3,151.5,25.5,0.0,0.0,650.7
2013,Bihar,Shahabad (Now Part Of Bhojpur District),0.0,0.0,0.0,0.0,0.0,214.1,85.2,219.6,115.5,295.9,0.0,0.0,930.3
2014,Bihar,Shahabad (Now Part Of Bhojpur District),10.8,25.8,16.2,0.0,40.6,38.9,192.3,248.0,246.7,34.8,0.0,0.0,854.1
2015,Bihar,Shahabad (Now Part Of Bhojpur District),5.2,0.0,10.5,8.1,16.0,80.0,150.9,148.9,28.3,7.6,0.0,0.0,455.5
2003,Bihar,Gaya,8.4,37.6,0.0,0.9,3.3,125.4,303.4,245.3,174.5,109.4,0.0,2.6,1010.8
2004,Bihar,Gaya,8.8,0.0,0.0,17.3,28.6,335.1,140.7,231.3,139.8,21.2,0.0,0.0,922.8
2005,Bihar,Gaya,18.0,26.0,19.6,8.0,2.0,77.3,239.2,157.0,21.4,0.0,0.0,0.0,568.5
2006,Bihar,Gaya,0.0,0.0,11.8,4.8,36.4,404.4,326.9,123.9,208.0,0.0,0.2,0.0,1116.4
2007,Bihar,Gaya,0.0,43.6,5.5,41.8,54.2,46.2,338.4,221.7,233.8,52.2,0.0,0.0,1037.4
2008,Bihar,Gaya,95.4,13.4,0.6,13.3,40.3,404.9,283.5,209.6,48.9,0.0,0.0,0.0,1109.9
2009,Bihar,Gaya,8.4,0.4,2.4,73.7,68.4,194.8,152.5,269.0,17.0,0.0,0.0,0.0,786.6
2010,Bihar,Gaya,0.2,3.4,0.0,0.0,25.8,97.8,202.7,202.9,50.3,91.0,6.4,2.8,683.3
2011,Bihar,Gaya,6.0,3.0,0.1,32.9,18.2,393.3,133.2,419.8,244.7,8.5,0.0,0.0,1259.7
2012,Bihar,Gaya,19.9,4.4,10.8,21.2,25.0,109.6,236.0,392.6,134.2,66.9,34.3,0.0,1054.9
2013,Bihar,Gaya,0.0,10.7,0.9,32.1,91.8,47.8,80.3,168.3,127.1,158.5,0.0,0.0,717.5
2014,Bihar,Gaya,38.6,20.1,7.8,0.0,84.4,56.4,247.9,313.5,132.0,8.8,0.0,2.7,912.2
2015,Bihar,Gaya,19.7,0.8,8.2,15.9,13.0,161.7,232.6,171.6,78.0,0.8,0.0,0.0,702.3
2003,Jharkhand,Hazaribagh,9.2,38.9,46.9,16.7,14.8,173.5,238.7,191.8,231.2,242.6,3.3,0.0,1207.6
2004,Jharkhand,Hazaribagh,3.5,2.6,0.4,70.4,38.8,169.8,147.7,287.7,266.4,99.4,0.0,0.1,1086.8
2005,Jharkhand,Hazaribagh,19.6,20.7,6.2,2.7,4.0,135.5,249.8,281.1,156.0,20.5,0.0,0.0,896.1
2006,Jharkhand,Hazaribagh,0.0,0.0,24.7,11.0,122.2,244.9,348.0,237.0,369.6,18.4,0.0,0.0,1375.8
2007,Jharkhand,Hazaribagh,0.0,80.2,35.4,25.3,85.7,112.0,527.8,346.0,387.0,54.0,0.0,0.0,1653.4
2008,Jharkhand,Hazaribagh,31.6,0.0,0.0,0.0,19.0,415.8,386.8,380.5,127.2,23.2,0.0,0.0,1384.1
2009,Jharkhand,Hazaribagh,30.4,0.0,0.0,0.0,0.0,84.2,241.7,293.9,345.4,34.6,10.7,0.0,1040.9
2010,Jharkhand,Hazaribagh,2.3,0.0,3.0,0.0,54.0,140.2,105.4,232.2,98.3,43.4,7.8,48.4,735.0
2011,Jharkhand,Hazaribagh,11.8,0.6,0.2,5.9,24.6,148.8,75.4,297.5,229.7,55.2,0.0,0.0,849.7
2012,Jharkhand,Hazaribagh,30.4,16.4,2.2,21.8,2.2,120.0,267.7,217.9,101.1,16.6,55.2,0.0,851.5
2013,Jharkhand,Hazaribagh,0.0,30.2,0.0,6.2,117.0,89.7,141.2,297.9,162.7,246.1,0.0,0.0,1091.0
2014,Jharkhand,Hazaribagh,19.7,59.1,40.8,0.2,141.0,94.4,381.0,382.3,177.5,73.9,0.0,0.3,1370.2
2015,Jharkhand,Hazaribagh,4.1,4.2,35.4,36.1,2.3,291.0,341.6,339.8,68.9,12.5,0.0,0.0,1135.9
2003,Jharkhand,Dhanbad,4.2,49.1,53.7,38.6,15.7,263.4,353.0,283.6,182.0,222.5,1.2,3.1,1470.1
2004,Jharkhand,Dhanbad,6.4,0.0,4.0,32.9,60.5,226.4,236.5,311.3,208.4,144.8,0.0,9.8,1241.0
2005,Jharkhand,Dhanbad,45.7,20.6,22.6,19.8,31.0,150.8,393.5,125.3,87.7,103.3,0.4,2.1,1002.8
2006,Jharkhand,Dhanbad,0.0,3.5,27.6,30.3,98.4,147.8,419.7,349.7,334.3,38.4,2.6,0.0,1452.3
2007,Jharkhand,Dhanbad,0.0,35.3,30.2,23.1,45.7,139.5,634.7,459.6,401.3,32.5,2.5,0.0,1804.4
2008,Jharkhand,Dhanbad,6.3,4.3,10.1,9.5,28.0,215.8,485.3,245.5,210.1,38.4,0.0,0.0,1253.3
2009,Jharkhand,Dhanbad,0.0,0.0,0.0,0.0,0.0,81.8,257.2,284.1,272.9,102.1,1.5,0.0,999.6
2010,Jharkhand,Dhanbad,7.0,0.0,0.0,4.6,28.1,152.8,171.2,171.5,253.4,49.1,3.7,38.5,879.9
2011,Jharkhand,Dhanbad,0.9,0.0,13.4,3.0,29.9,313.0,180.9,470.6,285.7,18.6,0.0,0.0,1316.0
2012,Jharkhand,Dhanbad,13.4,1.9,1.2,17.5,13.5,80.1,326.4,264.9,336.2,21.3,54.9,9.1,1140.4
2013,Jharkhand,Dhanbad,0.0,24.0,0.4,13.6,112.0,167.0,172.0,300.0,197.4,284.2,0.0,0.0,1270.6
2014,Jharkhand,Dhanbad,10.3,35.1,16.3,2.0,86.6,113.2,277.9,249.9,161.0,30.9,0.0,0.0,983.2
2015,Jharkhand,Dhanbad,12.1,1.2,5.2,52.6,14.7,159.4,333.7,189.6,78.0,8.3,0.0,0.0,854.8
2003,Jharkhand,Palamau,1.7,13.0,10.0,9.4,0.0,39.4,165.5,420.0,261.7,66.9,0.0,0.0,987.6
2004,Jharkhand,Palamau,0.6,0.0,0.0,4.0,0.7,87.9,136.4,268.2,167.6,50.1,0.0,0.0,715.5
2005,Jharkhand,Palamau,0.0,0.0,0.0,0.0,0.0,60.2,173.0,290.0,93.4,0.0,0.0,0.0,616.6
2006,Jharkhand,Palamau,0.0,10.2,104.5,12.3,35.6,170.1,390.4,227.9,181.3,8.7,0.0,0.0,1141.0
2007,Jharkhand,Palamau,0.0,44.7,11.9,6.7,16.3,44.8,283.4,306.2,241.1,19.2,0.0,0.0,974.3
2008,Jharkhand,Palamau,19.1,8.0,0.0,3.0,0.0,293.0,215.6,284.8,47.9,22.7,0.0,0.0,894.1
2009,Jharkhand,Palamau,6.3,0.0,3.0,0.3,14.2,54.1,279.5,137.9,231.4,81.0,12.9,4.2,824.8
2010,Jharkhand,Palamau,0.0,2.6,0.0,0.0,19.2,50.5,158.3,141.5,148.7,22.9,5.4,25.9,575.0
2011,Jharkhand,Palamau,0.0,3.4,0.0,18.1,10.6,296.1,122.0,376.4,338.4,19.2,0.0,0.0,1184.2
2012,Jharkhand,Palamau,49.1,0.2,0.8,8.4,0.0,78.4,304.6,354.1,175.2,19.2,88.1,0.0,1078.1
2013,Jharkhand,Palamau,0.0,20.8,2.1,8.8,0.0,83.2,187.1,254.7,134.1,222.2,0.0,0.0,913.0
2014,Jharkhand,Palamau,24.5,59.3,19.8,0.8,25.4,56.2,210.6,251.2,122.1,15.6,0.0,9.2,794.7
2015,Jharkhand,Palamau,21.6,0.8,25.2,10.4,2.7,73.2,410.0,197.3,48.9,9.1,0.0,10.2,809.4
2003,Jharkhand,Ranchi,0.7,35.9,27.8,8.2,13.8,127.1,266.3,230.0,203.0,315.9,8.1,4.5,1241.3
2004,Jharkhand,Ranchi,5.0,4.2,3.2,52.8,37.0,151.4,181.8,333.4,163.6,114.9,0.0,3.9,1051.2
2005,Jharkhand,Ranchi,20.9,17.1,11.3,2.2,15.2,122.3,235.4,230.4,165.0,46.9,5.3,6.9,878.9
2006,Jharkhand,Ranchi,0.0,0.0,25.7,16.3,141.3,188.9,455.6,381.0,218.2,35.3,5.8,0.0,1468.1
2007,Jharkhand,Ranchi,0.0,66.4,34.4,22.6,48.0,127.6,379.0,307.7,340.7,43.5,12.0,0.0,1381.9
2008,Jharkhand,Ranchi,7.9,4.0,11.7,9.6,32.6,374.6,479.8,258.9,177.1,18.6,0.0,0.0,1374.8
2009,Jharkhand,Ranchi,10.2,0.0,35.6,3.4,150.3,128.5,277.2,324.2,320.4,63.6,24.9,5.0,1343.3
2010,Jharkhand,Ranchi,0.0,0.0,0.0,8.5,28.7,55.9,152.2,152.0,221.7,69.8,8.7,37.1,734.6
2011,Jharkhand,Ranchi,5.6,0.5,1.8,7.6,46.9,485.7,166.9,507.8,329.6,31.5,0.0,0.0,1583.9
2012,Jharkhand,Ranchi,71.3,25.5,5.3,15.0,13.7,91.4,253.2,359.9,277.9,49.5,71.4,7.5,1241.6
2013,Jharkhand,Ranchi,0.1,27.3,5.7,19.0,32.7,229.6,184.9,189.2,114.2,300.1,0.0,0.0,1102.8
2014,Jharkhand,Ranchi,7.6,52.6,36.6,2.2,59.7,109.1,232.6,192.5,167.7,40.4,0.0,0.0,901.0
2015,Jharkhand,Ranchi,15.5,0.4,6.6,46.4,29.1,166.6,289.8,240.6,36.1,40.5,0.0,1.8,873.4
2003,Jharkhand,Singhbhum,0.8,27.6,46.8,14.3,29.5,113.2,234.9,162.8,122.5,134.7,12.1,10.9,909.8
2004,Jharkhand,Singhbhum,1.9,1.6,7.6,40.6,41.3,144.9,186.2,439.3,148.1,71.5,0.0,0.0,1083.2
2005,Jharkhand,Singhbhum,11.1,4.1,43.6,22.7,35.4,242.5,283.9,188.7,171.2,148.1,0.1,21.1,1172.2
2006,Jharkhand,Singhbhum,0.8,0.0,7.4,22.8,130.1,233.0,481.9,445.2,336.9,13.5,22.5,0.0,1693.9
2007,Jharkhand,Singhbhum,6.9,42.3,30.4,48.6,69.8,159.5,603.0,402.8,329.7,21.5,20.5,0.0,1734.8
2008,Jharkhand,Singhbhum,19.9,3.8,8.9,11.9,83.4,520.9,248.0,243.7,236.6,17.2,0.0,0.0,1394.1
2009,Jharkhand,Singhbhum,1.5,0.0,5.5,0.2,64.9,107.8,258.6,387.0,276.7,268.1,11.2,3.2,1385.0
2010,Jharkhand,Singhbhum,0.3,4.2,4.4,23.4,37.1,54.0,99.8,156.6,154.9,52.0,5.3,40.3,632.1
2011,Jharkhand,Singhbhum,8.7,2.9,21.1,47.3,92.8,367.0,211.9,396.0,393.2,37.5,0.0,0.0,1578.1
2012,Jharkhand,Singhbhum,40.5,12.5,0.0,29.5,17.4,167.5,291.7,273.8,234.4,33.9,49.6,25.8,1176.5
2013,Jharkhand,Singhbhum,2.8,8.9,1.2,41.4,131.5,237.0,287.4,270.1,280.2,366.1,0.0,0.0,1626.4
2014,Jharkhand,Singhbhum,0.5,64.8,25.0,1.3,98.3,257.2,365.1,369.4,143.5,106.3,0.0,0.1,1431.2
2015,Jharkhand,Singhbhum,9.5,0.0,11.7,97.4,50.6,189.7,454.3,168.3,125.9,43.8,0.0,7.4,1158.4
2003,Tamil Nadu,Chennai,0.6,0.0,10.4,0.4,5.2,38.7,143.6,152.5,130.1,203.1,84.1,59.2,827.9
2004,Tamil Nadu,Chennai,37.7,0.0,2.6,10.6,232.7,54.6,51.0,49.7,261.7,329.6,257.7,10.8,1298.7
2005,Tamil Nadu,Chennai,1.2,5.9,0.8,122.7,41.7,22.5,121.0,60.3,121.0,938.7,603.7,442.1,2481.6
2006,Tamil Nadu,Chennai,2.6,0.0,17.9,10.6,16.1,59.1,100.9,139.2,134.1,646.6,257.9,20.6,1405.6
2007,Tamil Nadu,Chennai,0.0,14.4,0.0,5.3,1.8,100.1,218.7,196.1,161.7,253.7,99.5,242.8,1294.1
2008,Tamil Nadu,Chennai,63.1,11.2,114.2,11.7,0.1,65.1,23.0,100.5,97.1,347.7,521.1,6.8,1361.6
2009,Tamil Nadu,Chennai,13.1,0.0,0.7,0.0,14.0,0.0,0.0,0.0,0.0,0.0,0.0,0.0,27.8
2010,Tamil Nadu,Chennai,0.0,0.0,0.0,0.0,0.0,120.2,146.0,195.1,107.5,164.6,224.2,263.7,1221.3
2011,Tamil Nadu,Chennai,11.8,41.8,0.0,19.4,10.0,-1.0,-1.0,-1.0,-1.0,-1.0,-1.0,-1.0,-1.0
2012,Tamil Nadu,Chennai,17.0,0.0,0.5,0.0,0.0,21.2,67.3,94.5,164.0,394.3,39.2,134.4,932.4
2013,Tamil Nadu,Chennai,0.0,16.9,25.1,1.9,1.8,40.3,154.7,194.8,210.2,195.4,174.4,93.7,1109.2
2014,Tamil Nadu,Chennai,0.0,7.1,0.0,0.0,30.5,141.6,47.3,210.9,129.6,386.0,182.4,151.2,1286.6
2015,Tamil Nadu,Chennai,14.0,0.0,0.0,52.8,6.4,26.4,153.5,120.5,69.5,149.0,1017.7,447.8,2057.6
